0.1,27.4881,62.4747,-0.426194,-0.904632
0.2,27.4678,62.4308,-0.423546,-0.905875
0.3,27.4406,62.3723,-0.423802,-0.905755
0.4,27.4076,62.3022,-0.426197,-0.90463
0.5,27.3695,62.2223,-0.428649,-0.903471
0.6,27.3271,62.1342,-0.430527,-0.902578
0.7,27.2811,62.039,-0.431634,-0.902049
0.8,27.2321,61.9378,-0.431853,-0.901944
0.9,27.1809,61.832,-0.432355,-0.901703
1,27.1299,61.7228,-0.423904,-0.905707
1.1,27.0795,61.6113,-0.417335,-0.908753
1.2,27.0318,61.4997,-0.405088,-0.914278
1.3,26.9908,61.393,-0.384357,-0.923185
1.4,26.9517,61.2922,-0.387567,-0.921842
1.5,26.908,61.1871,-0.399987,-0.916521
1.6,26.8607,61.0804,-0.413382,-0.910558
1.7,26.8098,60.9726,-0.426757,-0.904366
1.8,26.7563,60.8636,-0.435392,-0.900241
1.9,26.7003,60.7533,-0.443071,-0.896487
2,26.6423,60.642,-0.449608,-0.893226
2.1,26.5823,60.5297,-0.45516,-0.89041
2.2,26.5207,60.4165,-0.459882,-0.88798
2.3,26.4576,60.3023,-0.464019,-0.885826
2.4,26.3932,60.1875,-0.467576,-0.883953
2.5,26.3276,60.0718,-0.470304,-0.882504
2.6,26.2614,59.9554,-0.471282,-0.881983
2.7,26.1954,59.8379,-0.468183,-0.883632
2.8,26.1312,59.7179,-0.456217,-0.889868
2.9,26.069,59.5942,-0.441619,-0.897203
3,26.0078,59.4671,-0.431245,-0.902235
3.1,25.9472,59.3371,-0.423492,-0.9059
3.2,25.8872,59.2053,-0.418244,-0.908335
3.3,25.8277,59.0728,-0.415063,-0.909793
3.4,25.7685,58.9406,-0.414255,-0.910161
3.5,25.7098,58.8088,-0.413122,-0.910675
3.6,25.6515,58.6774,-0.412346,-0.911027
3.7,25.5936,58.5464,-0.411351,-0.911477
3.8,25.5361,58.4157,-0.410323,-0.91194
3.9,25.4789,58.285,-0.409199,-0.912445
4,25.422,58.1543,-0.408076,-0.912948
4.1,25.3653,58.0236,-0.407068,-0.913398
4.2,25.3088,57.8927,-0.406251,-0.913762
4.3,25.2524,57.763,-0.407951,-0.913004
4.4,25.1959,57.634,-0.40933,-0.912386
4.5,25.1395,57.5056,-0.41026,-0.911969
4.6,25.0831,57.3775,-0.410658,-0.91179
4.7,25.027,57.2497,-0.410382,-0.911914
4.8,24.9711,57.1222,-0.409402,-0.912354
4.9,24.9158,56.9948,-0.407634,-0.913145
5,24.8612,56.8674,-0.405113,-0.914266
5.1,24.8073,56.7401,-0.401953,-0.91566
5.2,24.7543,56.6127,-0.398407,-0.917209
5.3,24.7022,56.4855,-0.39517,-0.918608
5.4,24.651,56.3587,-0.392212,-0.919875
5.5,24.6002,56.2317,-0.390079,-0.920781
5.6,24.55,56.1052,-0.388516,-0.921442
5.7,24.5002,55.9792,-0.3877,-0.921786
5.8,24.4508,55.8539,-0.387759,-0.921761
5.9,24.4014,55.7294,-0.388721,-0.921356
6,24.3519,55.6059,-0.390997,-0.920392
6.1,24.302,55.4831,-0.394003,-0.919109
6.2,24.2515,55.3611,-0.397714,-0.917509
6.3,24.2004,55.2396,-0.401521,-0.91585
6.4,24.1485,55.1185,-0.405393,-0.914143
6.5,24.0959,54.9977,-0.408774,-0.912635
6.6,24.0426,54.8769,-0.411735,-0.911303
6.7,23.9888,54.7561,-0.413653,-0.910435
6.8,23.9349,54.6352,-0.414318,-0.910132
6.9,23.881,54.5141,-0.413258,-0.910614
7,23.8276,54.3927,-0.411201,-0.911545
7.1,23.7749,54.2706,-0.406867,-0.913488
7.2,23.7227,54.1478,-0.403794,-0.91485
7.3,23.6703,54.024,-0.402591,-0.91538
7.4,23.6176,53.8992,-0.40189,-0.915688
7.5,23.5646,53.7732,-0.401126,-0.916023
7.6,23.5107,53.6462,-0.402875,-0.915255
7.7,23.4558,53.5189,-0.406629,-0.913593
7.8,23.4,53.3915,-0.409758,-0.912194
7.9,23.3437,53.2654,-0.414237,-0.910169
8,23.2876,53.1402,-0.415139,-0.909758
8.1,23.2333,53.0192,-0.415392,-0.909642
8.2,23.1806,52.8973,-0.407269,-0.913308
8.3,23.1309,52.7765,-0.397051,-0.917796
8.4,23.0832,52.6548,-0.386844,-0.922145
8.5,23.0361,52.5362,-0.389928,-0.920846
8.6,22.9887,52.4187,-0.393301,-0.91941
8.7,22.9407,52.3021,-0.397198,-0.917733
8.8,22.8917,52.1865,-0.403671,-0.914904
8.9,22.8422,52.0717,-0.407385,-0.913257
9,22.7915,51.9579,-0.414403,-0.910094
9.1,22.7391,51.845,-0.423176,-0.906048
9.2,22.6852,51.7329,-0.431245,-0.902235
9.3,22.6297,51.6217,-0.439508,-0.898239
9.4,22.5728,51.511,-0.446772,-0.894648
9.5,22.5143,51.4007,-0.453847,-0.89108
9.6,22.4541,51.2907,-0.461441,-0.887171
9.7,22.392,51.181,-0.469293,-0.883043
9.8,22.3281,51.0715,-0.477465,-0.878651
9.9,22.2621,50.9625,-0.486396,-0.873738
10,22.1942,50.854,-0.494729,-0.869047
10.1,22.1247,50.7462,-0.502359,-0.864659
10.2,22.0539,50.6392,-0.508785,-0.860894
10.3,21.9823,50.5332,-0.514257,-0.857636
10.4,21.9101,50.4283,-0.518709,-0.854951
10.5,21.8378,50.3246,-0.521987,-0.852953
10.6,21.7655,50.222,-0.524208,-0.851591
10.7,21.6935,50.1204,-0.525133,-0.85102
10.8,21.6223,50.0197,-0.524853,-0.851193
10.9,21.5518,49.9198,-0.523268,-0.852168
11,21.4826,49.8204,-0.520309,-0.853978
11.1,21.4146,49.7225,-0.518671,-0.854974
11.2,21.3481,49.6258,-0.515657,-0.856795
11.3,21.2832,49.5299,-0.510947,-0.859613
11.4,21.2201,49.4344,-0.504839,-0.863214
11.5,21.1589,49.3391,-0.497677,-0.867363
11.6,21.0993,49.2437,-0.490297,-0.871555
11.7,21.0416,49.148,-0.482157,-0.876085
11.8,20.9856,49.0518,-0.473456,-0.880818
11.9,20.9314,48.9549,-0.464293,-0.885682
12,20.8789,48.8571,-0.454797,-0.890595
12.1,20.828,48.7582,-0.445136,-0.895463
12.2,20.7786,48.658,-0.435549,-0.900165
12.3,20.7305,48.5562,-0.426209,-0.904625
12.4,20.6836,48.4527,-0.417532,-0.908662
12.5,20.6377,48.3474,-0.409626,-0.912253
12.6,20.5924,48.2403,-0.402777,-0.915298
12.7,20.5476,48.1312,-0.397042,-0.9178
12.8,20.503,48.0204,-0.392513,-0.919746
12.9,20.4584,47.9077,-0.389413,-0.921063
13,20.4135,47.7935,-0.387514,-0.921864
13.1,20.3682,47.6779,-0.386739,-0.922189
13.2,20.3224,47.561,-0.386955,-0.922098
13.3,20.2759,47.4431,-0.387981,-0.921667
13.4,20.2287,47.3245,-0.389674,-0.920953
13.5,20.1808,47.2054,-0.391636,-0.92012
13.6,20.1323,47.086,-0.393833,-0.919182
13.7,20.0832,46.9665,-0.396225,-0.918154
13.8,20.0336,46.8474,-0.39887,-0.917008
13.9,19.9836,46.7287,-0.401836,-0.915712
14,19.933,46.6107,-0.405091,-0.914276
14.1,19.882,46.4933,-0.40837,-0.912817
14.2,19.8304,46.3764,-0.411423,-0.911444
14.3,19.7784,46.2599,-0.414085,-0.910238
14.4,19.7261,46.1438,-0.41619,-0.909278
14.5,19.6736,46.0281,-0.41763,-0.908617
14.6,19.6211,45.9127,-0.418393,-0.908266
14.7,19.5689,45.798,-0.418288,-0.908315
14.8,19.5171,45.6839,-0.417948,-0.908471
14.9,19.4661,45.571,-0.416628,-0.909077
15,19.4159,45.459,-0.415578,-0.909558
15.1,19.3661,45.3479,-0.414978,-0.909831
15.2,19.3167,45.2376,-0.415113,-0.90977
15.3,19.2674,45.1278,-0.415636,-0.909531
15.4,19.218,45.0184,-0.41665,-0.909067
15.5,19.1686,44.9092,-0.41755,-0.908654
15.6,19.1189,44.8003,-0.419033,-0.907971
15.7,19.069,44.6912,-0.419861,-0.907589
15.8,19.0189,44.5821,-0.42036,-0.907357
15.9,18.9686,44.473,-0.42135,-0.906898
16,18.9184,44.3641,-0.421552,-0.906804
16.1,18.8679,44.2553,-0.422513,-0.906357
16.2,18.8177,44.1466,-0.421751,-0.906711
16.3,18.7678,44.038,-0.420628,-0.907233
16.4,18.7186,43.9296,-0.418201,-0.908355
16.5,18.6697,43.8215,-0.417484,-0.908684
16.6,18.6214,43.7141,-0.415761,-0.909474
16.7,18.5735,43.6072,-0.415378,-0.909649
16.8,18.5258,43.5009,-0.415752,-0.909478
16.9,18.478,43.395,-0.416849,-0.908976
17,18.4301,43.2895,-0.418294,-0.908312
17.1,18.3819,43.1841,-0.419727,-0.90765
17.2,18.3335,43.0788,-0.420839,-0.907135
17.3,18.2849,42.9734,-0.42138,-0.906884
17.4,18.2363,42.8679,-0.421376,-0.906886
17.5,18.1879,42.7625,-0.42066,-0.907219
17.6,18.1413,42.6563,-0.411296,-0.911502
17.7,18.0946,42.5505,-0.411953,-0.911205
17.8,18.0494,42.4444,-0.40478,-0.914414
17.9,18.0054,42.3387,-0.400531,-0.916283
18,17.9621,42.2338,-0.398536,-0.917153
18.1,17.9193,42.1297,-0.397962,-0.917402
18.2,17.8767,42.0263,-0.398854,-0.917015
18.3,17.834,41.9234,-0.399873,-0.916571
18.4,17.7912,41.8212,-0.401976,-0.91565
18.5,17.7479,41.7197,-0.405783,-0.913969
18.6,17.7038,41.6186,-0.409806,-0.912173
18.7,17.659,41.5178,-0.413987,-0.910283
18.8,17.6134,41.4168,-0.417663,-0.908602
18.9,17.5669,41.3153,-0.420195,-0.907434
19,17.5204,41.2125,-0.417523,-0.908666
19.1,17.4734,41.1085,-0.417344,-0.908749
19.2,17.4258,41.0029,-0.416862,-0.90897
19.3,17.3775,40.8956,-0.416491,-0.90914
19.4,17.3285,40.7865,-0.41597,-0.909378
19.5,17.2786,40.6756,-0.415977,-0.909375
19.6,17.228,40.5628,-0.415958,-0.909384
19.7,17.1765,40.4483,-0.415949,-0.909388
19.8,17.1243,40.3321,-0.415725,-0.90949
19.9,17.0715,40.2144,-0.41556,-0.909566
20,17.0182,40.0962,-0.416039,-0.909347
20.1,16.9647,39.9774,-0.416376,-0.909192
20.2,16.9109,39.8582,-0.41683,-0.908984
20.3,16.8568,39.7389,-0.417471,-0.90869
20.4,16.8027,39.62,-0.418608,-0.908167
20.5,16.7484,39.5016,-0.420245,-0.907411
20.6,16.694,39.3839,-0.422287,-0.906462
20.7,16.6396,39.2674,-0.424287,-0.905528
20.8,16.5852,39.1519,-0.426337,-0.904564
20.9,16.5308,39.0376,-0.428524,-0.90353
21,16.4765,38.9245,-0.430474,-0.902603
21.1,16.4224,38.8126,-0.432517,-0.901626
21.2,16.3684,38.7021,-0.434149,-0.900841
21.3,16.3148,38.5927,-0.435237,-0.900316
21.4,16.2616,38.4844,-0.435541,-0.900169
21.5,16.2089,38.3768,-0.434989,-0.900436
21.6,16.1568,38.2698,-0.433565,-0.901122
21.7,16.1055,38.163,-0.431071,-0.902318
21.8,16.055,38.0565,-0.427516,-0.904008
21.9,16.0056,37.9501,-0.423059,-0.906102
22,15.9576,37.8439,-0.417527,-0.908664
22.1,15.9111,37.7378,-0.411178,-0.911555
22.2,15.8661,37.632,-0.404613,-0.914488
22.3,15.8226,37.5263,-0.398143,-0.917323
22.4,15.7805,37.4209,-0.392344,-0.919819
22.5,15.7396,37.3155,-0.386735,-0.922191
22.6,15.7001,37.21,-0.380238,-0.924889
22.7,15.6621,37.1041,-0.372114,-0.928187
22.8,15.6256,36.9972,-0.363574,-0.931565
22.9,15.5902,36.8892,-0.355777,-0.934571
23,15.5544,36.7805,-0.357208,-0.934025
23.1,15.5198,36.6705,-0.348463,-0.937322
23.2,15.485,36.5595,-0.348334,-0.93737
23.3,15.4515,36.4469,-0.339081,-0.940757
23.4,15.4178,36.3331,-0.338227,-0.941065
23.5,15.3854,36.2173,-0.328531,-0.944493
23.6,15.354,36.1002,-0.321696,-0.946843
23.7,15.3235,35.9813,-0.315256,-0.949007
23.8,15.2934,35.8612,-0.310859,-0.950456
23.9,15.2636,35.7413,-0.310284,-0.950644
24,15.2342,35.621,-0.307754,-0.951466
24.1,15.2053,35.4998,-0.304306,-0.952574
24.2,15.1768,35.3778,-0.300977,-0.953631
24.3,15.1486,35.2547,-0.29827,-0.954481
24.4,15.1205,35.1306,-0.296068,-0.955167
24.5,15.0922,35.0066,-0.29744,-0.954741
24.6,15.064,34.8825,-0.297194,-0.954817
24.7,15.0357,34.7579,-0.296564,-0.955013
24.8,15.0074,34.6323,-0.295496,-0.955344
24.9,14.9792,34.5056,-0.293128,-0.956073
25,14.9513,34.3774,-0.289841,-0.957075
25.1,14.9229,34.2485,-0.291561,-0.956552
25.2,14.8941,34.1183,-0.291218,-0.956657
25.3,14.8649,33.9865,-0.291062,-0.956704
25.4,14.835,33.8532,-0.292151,-0.956372
25.5,14.8045,33.7181,-0.292824,-0.956166
25.6,14.7732,33.5815,-0.293782,-0.955873
25.7,14.7414,33.4432,-0.294128,-0.955766
25.8,14.7089,33.3031,-0.2949,-0.955528
25.9,14.6753,33.1621,-0.298324,-0.954465
26,14.6408,33.0198,-0.300383,-0.953819
26.1,14.6052,32.876,-0.303077,-0.952966
26.2,14.5685,32.7307,-0.305717,-0.952123
26.3,14.5307,32.5839,-0.308141,-0.951341
26.4,14.492,32.4355,-0.310172,-0.95068
26.5,14.4521,32.2868,-0.314767,-0.949169
26.6,14.4114,32.1373,-0.316565,-0.948571
26.7,14.3702,31.9866,-0.317301,-0.948325
26.8,14.3285,31.835,-0.317665,-0.948203
26.9,14.2866,31.6824,-0.317782,-0.948164
27,14.244,31.5305,-0.321141,-0.947031
27.1,14.2012,31.379,-0.322559,-0.946549
27.2,14.1585,31.2277,-0.322671,-0.946511
27.3,14.1161,31.0767,-0.321736,-0.946829
27.4,14.0742,30.926,-0.320514,-0.947244
27.5,14.0323,30.7772,-0.323058,-0.946379
27.6,13.9904,30.6299,-0.325016,-0.945709
27.7,13.9486,30.4841,-0.326812,-0.945089
27.8,13.9068,30.34,-0.328964,-0.944342
27.9,13.865,30.1978,-0.332009,-0.943276
28,13.8231,30.0579,-0.335957,-0.941877
28.1,13.7805,29.9214,-0.343848,-0.939025
28.2,13.737,29.7873,-0.351498,-0.936189
28.3,13.6924,29.6552,-0.359176,-0.93327
28.4,13.6465,29.5247,-0.366866,-0.930274
28.5,13.5994,29.3955,-0.374652,-0.927166
28.6,13.5506,29.2685,-0.384907,-0.922955
28.7,13.5005,29.1428,-0.392806,-0.919621
28.8,13.4491,29.0183,-0.400279,-0.916393
28.9,13.3965,28.894,-0.405565,-0.914066
29,13.3429,28.7698,-0.409938,-0.912113
29.1,13.2882,28.6453,-0.413626,-0.910447
29.2,13.2325,28.5212,-0.418492,-0.908221
29.3,13.1761,28.397,-0.421099,-0.907015
29.4,13.1191,28.272,-0.422101,-0.906549
29.5,13.0617,28.1463,-0.422327,-0.906444
29.6,13.004,28.0196,-0.421703,-0.906734
29.7,12.9463,27.8916,-0.419432,-0.907787
29.8,12.8889,27.7631,-0.417311,-0.908764
29.9,12.8323,27.6337,-0.412624,-0.910902
30,12.7768,27.5033,-0.406341,-0.913722
30.1,12.7226,27.3722,-0.400174,-0.916439
30.2,12.6696,27.2407,-0.394435,-0.918924
30.3,12.6178,27.1089,-0.389561,-0.921001
30.4,12.567,26.9781,-0.387069,-0.922051
30.5,12.5177,26.8487,-0.383409,-0.923579
30.6,12.4705,26.7212,-0.37799,-0.92581
30.7,12.4254,26.5963,-0.373576,-0.9276
30.8,12.3818,26.4744,-0.372192,-0.928156
30.9,12.3387,26.3554,-0.375175,-0.926954
31,12.2954,26.2394,-0.381754,-0.924264
31.1,12.2513,26.1262,-0.390507,-0.9206
31.2,12.2061,26.0155,-0.399743,-0.916627
31.3,12.16,25.9071,-0.408374,-0.912815
31.4,12.1132,25.8007,-0.415949,-0.909388
31.5,12.0656,25.6961,-0.422748,-0.906247
31.6,12.0172,25.5927,-0.429131,-0.903242
31.7,11.9677,25.4905,-0.43616,-0.899869
31.8,11.917,25.389,-0.443333,-0.896357
31.9,11.8648,25.288,-0.450867,-0.892591
32,11.8109,25.1873,-0.458363,-0.888765
32.1,11.7554,25.0865,-0.465375,-0.885113
32.2,11.6983,24.9855,-0.471836,-0.881686
32.3,11.6397,24.8841,-0.477008,-0.878899
32.4,11.5798,24.782,-0.480721,-0.876874
32.5,11.5187,24.6788,-0.483081,-0.875576
32.6,11.4568,24.5745,-0.483857,-0.875147
32.7,11.3943,24.4689,-0.483169,-0.875527
32.8,11.3315,24.3618,-0.481276,-0.876569
32.9,11.2686,24.2532,-0.478467,-0.878106
33,11.2058,24.1432,-0.47524,-0.879856
33.1,11.1431,24.0318,-0.471267,-0.881991
33.2,11.0809,23.9189,-0.466448,-0.884549
33.3,11.0193,23.8043,-0.460828,-0.887489
33.4,10.9585,23.6883,-0.454597,-0.890697
33.5,10.8985,23.5707,-0.448081,-0.893993
33.6,10.8395,23.4517,-0.441645,-0.89719
33.7,10.7815,23.3317,-0.435591,-0.900145
33.8,10.7243,23.2106,-0.430109,-0.902777
33.9,10.668,23.0887,-0.425259,-0.905072
34,10.6124,22.9661,-0.421028,-0.907047
34.1,10.5575,22.843,-0.417342,-0.90875
34.2,10.5032,22.7195,-0.414088,-0.910237
34.3,10.4495,22.5957,-0.411143,-0.911571
34.4,10.3963,22.4715,-0.408397,-0.912805
34.5,10.3437,22.347,-0.40575,-0.913984
34.6,10.2915,22.2222,-0.403128,-0.915144
34.7,10.2398,22.097,-0.400482,-0.916305
34.8,10.1886,21.9713,-0.397756,-0.917491
34.9,10.1378,21.845,-0.394987,-0.918687
35,10.0873,21.7179,-0.392237,-0.919864
35.1,10.0372,21.5901,-0.389575,-0.920995
35.2,9.98735,21.4614,-0.387059,-0.922055
35.3,9.9377,21.3319,-0.384729,-0.92303
35.4,9.8882,21.2014,-0.382607,-0.923911
35.5,9.83881,21.0701,-0.380702,-0.924698
35.6,9.78949,20.9379,-0.379024,-0.925387
35.7,9.73991,20.8059,-0.380481,-0.924789
35.8,9.69017,20.6739,-0.381183,-0.9245
35.9,9.64034,20.5418,-0.381366,-0.924424
36,9.59044,20.4095,-0.381214,-0.924487
36.1,9.54051,20.2768,-0.380877,-0.924626
36.2,9.49052,20.1438,-0.380468,-0.924794
36.3,9.44048,20.0104,-0.380076,-0.924955
36.4,9.39036,19.8765,-0.379769,-0.925082
36.5,9.34013,19.7423,-0.37958,-0.925159
36.6,9.28975,19.6076,-0.379557,-0.925168
36.7,9.23893,19.4736,-0.382288,-0.924043
36.8,9.18778,19.3399,-0.38426,-0.923225
36.9,9.1364,19.2064,-0.38564,-0.922649
37,9.08483,19.0731,-0.386574,-0.922258
37.1,9.03311,18.9397,-0.387188,-0.922001
37.2,8.98125,18.8063,-0.387598,-0.921828
37.3,8.92925,18.6726,-0.387907,-0.921699
37.4,8.87709,18.5388,-0.388203,-0.921574
37.5,8.82476,18.4048,-0.388583,-0.921414
37.6,8.7719,18.2714,-0.391827,-0.920039
37.7,8.71861,18.1386,-0.394496,-0.918898
37.8,8.66493,18.0061,-0.396741,-0.917931
37.9,8.61092,17.874,-0.398662,-0.917098
38,8.5566,17.7422,-0.400335,-0.916369
38.1,8.50203,17.6107,-0.401815,-0.915721
38.2,8.4471,17.4796,-0.404082,-0.914723
38.3,8.39187,17.3489,-0.406086,-0.913835
38.4,8.33638,17.2188,-0.407899,-0.913027
38.5,8.28068,17.089,-0.409565,-0.912281
38.6,8.22478,16.9597,-0.411095,-0.911592
38.7,8.16871,16.8308,-0.412497,-0.910959
38.8,8.1125,16.7023,-0.413766,-0.910383
38.9,8.05609,16.5743,-0.415457,-0.909613
39,7.99952,16.4467,-0.416919,-0.908944
39.1,7.94284,16.3196,-0.418161,-0.908373
39.2,7.88608,16.1928,-0.41921,-0.907889
39.3,7.82926,16.0665,-0.420222,-0.907421
39.4,7.77241,15.9406,-0.421154,-0.906989
39.5,7.71553,15.8152,-0.422071,-0.906563
39.6,7.65864,15.6902,-0.42303,-0.906116
39.7,7.60172,15.5658,-0.424093,-0.905619
39.8,7.54477,15.4419,-0.425275,-0.905064
39.9,7.48773,15.3186,-0.426736,-0.904376
40,7.4306,15.196,-0.42836,-0.903608
40.1,7.37334,15.074,-0.430152,-0.902756
40.2,7.31593,14.9528,-0.432097,-0.901827
40.3,7.25833,14.8322,-0.434188,-0.900822
40.4,7.20049,14.7123,-0.436387,-0.899759
40.5,7.14241,14.593,-0.438654,-0.898656
40.6,7.08405,14.4744,-0.440938,-0.897537
40.7,7.02543,14.3563,-0.443099,-0.896473
40.8,6.96656,14.2387,-0.445009,-0.895526
40.9,6.90747,14.1215,-0.446595,-0.894736
41,6.84823,14.0046,-0.447828,-0.89412
41.1,6.78887,13.8878,-0.448693,-0.893686
41.2,6.72945,13.7713,-0.449194,-0.893434
41.3,6.67005,13.6548,-0.449354,-0.893354
41.4,6.61069,13.5383,-0.449222,-0.89342
41.5,6.55144,13.4219,-0.448867,-0.893599
41.6,6.49231,13.3055,-0.448388,-0.893839
41.7,6.43334,13.1891,-0.447846,-0.894111
41.8,6.37451,13.0728,-0.44733,-0.894369
41.9,6.31584,12.9566,-0.446868,-0.8946
42,6.25731,12.8404,-0.446444,-0.894812
42.1,6.19892,12.7243,-0.446036,-0.895015
42.2,6.14069,12.6083,-0.445618,-0.895223
42.3,6.08263,12.4925,-0.445192,-0.895435
42.4,6.02474,12.3767,-0.444773,-0.895643
42.5,5.96703,12.2612,-0.444357,-0.89585
42.6,5.90953,12.1458,-0.443927,-0.896063
42.7,5.85223,12.0307,-0.443474,-0.896287
42.8,5.79514,11.9157,-0.442991,-0.896526
42.9,5.73827,11.8009,-0.442479,-0.896779
43,5.68162,11.6863,-0.441966,-0.897032
43.1,5.62518,11.5718,-0.441451,-0.897285
43.2,5.56895,11.4576,-0.440959,-0.897527
43.3,5.51294,11.3435,-0.440473,-0.897766
43.4,5.45714,11.2296,-0.439964,-0.898015
43.5,5.40155,11.1159,-0.439403,-0.89829
43.6,5.34617,11.0023,-0.438799,-0.898585
43.7,5.29099,10.8888,-0.438125,-0.898914
43.8,5.236,10.7753,-0.437368,-0.899283
43.9,5.18119,10.6617,-0.436498,-0.899705
44,5.12658,10.5481,-0.435495,-0.900191
44.1,5.07216,10.4342,-0.434335,-0.900751
44.2,5.01794,10.3201,-0.433024,-0.901382
44.3,4.96388,10.2056,-0.43161,-0.902061
44.4,4.90996,10.0907,-0.430167,-0.902749
44.5,4.85612,9.97525,-0.428751,-0.903423
44.6,4.80233,9.85918,-0.42741,-0.904058
44.7,4.74838,9.74316,-0.428129,-0.903717
44.8,4.69432,9.62701,-0.428346,-0.903615
44.9,4.64018,9.5106,-0.428187,-0.90369
45,4.58597,9.39384,-0.427786,-0.90388
45.1,4.53172,9.27669,-0.427225,-0.904145
45.2,4.4774,9.15908,-0.426586,-0.904447
45.3,4.42303,9.041,-0.425914,-0.904764
45.4,4.36858,8.92241,-0.425261,-0.905071
45.5,4.31405,8.80332,-0.424637,-0.905364
45.6,4.25928,8.68423,-0.425662,-0.904882
45.7,4.20431,8.56507,-0.426309,-0.904577
45.8,4.14918,8.44575,-0.426682,-0.904402
45.9,4.09392,8.32625,-0.426856,-0.90432
46,4.03855,8.20655,-0.426906,-0.904296
46.1,3.98309,8.08662,-0.42689,-0.904303
46.2,3.92754,7.96648,-0.426822,-0.904335
46.3,3.87181,7.84633,-0.42754,-0.903996
46.4,3.81594,7.72613,-0.428058,-0.903751
46.5,3.75994,7.60585,-0.428413,-0.903583
46.6,3.70381,7.48543,-0.428641,-0.903475
46.7,3.64758,7.36481,-0.428728,-0.903434
46.8,3.59124,7.24395,-0.428672,-0.90346
46.9,3.53481,7.12279,-0.428507,-0.903538
47,3.47828,7.00129,-0.428221,-0.903674
47.1,3.42166,6.87937,-0.42784,-0.903854
47.2,3.36493,6.757,-0.427393,-0.904066
47.3,3.30792,6.63463,-0.428558,-0.903514
47.4,3.25066,6.51217,-0.429344,-0.903141
47.5,3.1932,6.38953,-0.429832,-0.902909
47.6,3.13556,6.26664,-0.430074,-0.902794
47.7,3.07779,6.14348,-0.43011,-0.902776
47.8,3.01989,6.01999,-0.429968,-0.902844
47.9,2.96192,5.89617,-0.429672,-0.902985
48,2.90388,5.772,-0.429265,-0.903178
48.1,2.84581,5.6475,-0.428765,-0.903416
48.2,2.78773,5.52266,-0.428206,-0.903681
48.3,2.72965,5.39752,-0.427629,-0.903955
48.4,2.67149,5.27233,-0.427896,-0.903828
48.5,2.61327,5.14713,-0.42809,-0.903736
48.6,2.55502,5.02193,-0.428247,-0.903662
48.7,2.49674,4.89675,-0.428395,-0.903591
48.8,2.43845,4.77164,-0.428548,-0.903519
48.9,2.38016,4.64661,-0.428711,-0.903442
49,2.32188,4.52169,-0.428885,-0.903359
49.1,2.2636,4.39687,-0.429087,-0.903263
49.2,2.20533,4.27218,-0.429293,-0.903165
49.3,2.14704,4.14765,-0.429692,-0.902975
49.4,2.08874,4.0233,-0.43008,-0.902791
49.5,2.03043,3.89914,-0.430447,-0.902616
49.6,1.97212,3.77515,-0.43079,-0.902452
49.7,1.91383,3.65137,-0.431134,-0.902288
49.8,1.85555,3.52779,-0.431451,-0.902136
49.9,1.79729,3.40441,-0.431739,-0.901999
50,1.73908,3.28124,-0.431994,-0.901877
50.1,1.68091,3.15829,-0.432215,-0.901771
50.2,1.62279,3.03554,-0.432405,-0.90168
50.3,1.56473,2.913,-0.432562,-0.901604
50.4,1.50675,2.79066,-0.432688,-0.901544
50.5,1.44883,2.66852,-0.432781,-0.901499
50.6,1.391,2.54659,-0.432839,-0.901471
50.7,1.33326,2.42484,-0.432864,-0.901459
50.8,1.27561,2.30329,-0.432855,-0.901464
50.9,1.21804,2.18195,-0.432961,-0.901413
51,1.16055,2.06083,-0.433028,-0.90138
51.1,1.10317,1.93993,-0.433062,-0.901364
51.2,1.04588,1.81923,-0.433065,-0.901363
51.3,0.988697,1.69873,-0.433039,-0.901375
51.4,0.931627,1.57843,-0.432986,-0.901401
51.5,0.87467,1.45833,-0.432907,-0.901439
51.6,0.817829,1.33842,-0.432807,-0.901487
51.7,0.761102,1.21868,-0.432696,-0.90154
51.8,0.704484,1.09911,-0.432585,-0.901593
51.9,0.64797,0.979695,-0.432486,-0.901641
52,0.591551,0.860442,-0.432408,-0.901678
52.1,0.53522,0.741343,-0.43236,-0.901701
52.2,0.47897,0.622404,-0.432346,-0.901708
52.3,0.422798,0.503631,-0.432359,-0.901702
52.4,0.366702,0.385031,-0.432395,-0.901684
52.5,0.310676,0.266607,-0.432455,-0.901656
52.6,0.254716,0.14836,-0.432537,-0.901616
52.7,0.198817,0.0302914,-0.432643,-0.901565
52.8,0.142973,-0.0876009,-0.432771,-0.901504
52.9,0.0871766,-0.205319,-0.43292,-0.901432
53,0.0314223,-0.322864,-0.433091,-0.90135
53.1,-0.0252978,-0.439865,-0.438077,-0.898938
53.2,-0.0826478,-0.556383,-0.441573,-0.897225
53.3,-0.140404,-0.672473,-0.44406,-0.895997
53.4,-0.198417,-0.788184,-0.445844,-0.89511
53.5,-0.256585,-0.903564,-0.447129,-0.894469
53.6,-0.314839,-1.01866,-0.448049,-0.894009
53.7,-0.373132,-1.1335,-0.448702,-0.893682
53.8,-0.431432,-1.24813,-0.449156,-0.893453
53.9,-0.489718,-1.36258,-0.449464,-0.893299
54,-0.547975,-1.47687,-0.449665,-0.893197
54.1,-0.606195,-1.59102,-0.449792,-0.893133
54.2,-0.664371,-1.70504,-0.449869,-0.893095
54.3,-0.722504,-1.81895,-0.449914,-0.893072
54.4,-0.780593,-1.93276,-0.449939,-0.893059
54.5,-0.838638,-2.04648,-0.449947,-0.893055
54.6,-0.896639,-2.16011,-0.449935,-0.893062
54.7,-0.954596,-2.27367,-0.4499,-0.893079
54.8,-1.0125,-2.38716,-0.449837,-0.893111
54.9,-1.07036,-2.50059,-0.449752,-0.893153
55,-1.12817,-2.61398,-0.449638,-0.893211
55.1,-1.18592,-2.72732,-0.449491,-0.893285
55.2,-1.24362,-2.84064,-0.449305,-0.893378
55.3,-1.30126,-2.95395,-0.449082,-0.893491
55.4,-1.35883,-3.06726,-0.448823,-0.893621
55.5,-1.41634,-3.18058,-0.448536,-0.893765
55.6,-1.47379,-3.29393,-0.448227,-0.89392
55.7,-1.53121,-3.40722,-0.448233,-0.893917
55.8,-1.58861,-3.52047,-0.448184,-0.893941
55.9,-1.64596,-3.63369,-0.448098,-0.893984
56,-1.70328,-3.7469,-0.447988,-0.894039
56.1,-1.76057,-3.86009,-0.447865,-0.894101
56.2,-1.81782,-3.97327,-0.447739,-0.894164
56.3,-1.87504,-4.08644,-0.44762,-0.894224
56.4,-1.93223,-4.19961,-0.44752,-0.894274
56.5,-1.9894,-4.31275,-0.447449,-0.89431
56.6,-2.04654,-4.42588,-0.447411,-0.894328
56.7,-2.10367,-4.53896,-0.44741,-0.894329
56.8,-2.16079,-4.652,-0.447443,-0.894313
56.9,-2.21788,-4.76497,-0.447508,-0.89428
57,-2.27496,-4.87787,-0.447597,-0.894235
57.1,-2.33203,-4.99067,-0.447701,-0.894183
57.2,-2.38907,-5.10338,-0.44781,-0.894129
57.3,-2.44609,-5.21598,-0.447916,-0.894076
57.4,-2.50308,-5.32848,-0.448012,-0.894027
57.5,-2.56003,-5.44088,-0.448094,-0.893986
57.6,-2.61696,-5.55317,-0.448158,-0.893954
57.7,-2.67384,-5.66535,-0.448206,-0.89393
57.8,-2.73068,-5.77744,-0.448238,-0.893914
57.9,-2.78748,-5.88943,-0.448253,-0.893907
58,-2.84423,-6.00133,-0.448246,-0.89391
58.1,-2.90093,-6.11314,-0.448216,-0.893925
58.2,-2.95758,-6.22487,-0.448159,-0.893954
58.3,-3.01417,-6.33652,-0.448074,-0.893996
58.4,-3.0707,-6.4481,-0.447964,-0.894052
58.5,-3.12716,-6.55961,-0.447827,-0.894121
58.6,-3.18355,-6.67104,-0.447661,-0.894203
58.7,-3.23985,-6.78241,-0.447472,-0.894298
58.8,-3.29607,-6.8937,-0.447262,-0.894403
58.9,-3.3522,-7.00494,-0.447029,-0.894519
59,-3.40825,-7.11612,-0.446785,-0.894641
59.1,-3.46421,-7.22725,-0.446515,-0.894776
59.2,-3.52008,-7.33835,-0.446212,-0.894927
59.3,-3.57587,-7.44944,-0.445872,-0.895096
59.4,-3.63156,-7.56053,-0.445496,-0.895284
59.5,-3.68716,-7.67164,-0.445087,-0.895487
59.6,-3.74269,-7.78279,-0.44466,-0.895699
59.7,-3.79819,-7.89388,-0.444686,-0.895687
59.8,-3.85366,-8.00494,-0.444642,-0.895709
59.9,-3.90911,-8.11599,-0.44455,-0.895754
60,-3.96454,-8.22706,-0.444426,-0.895816
60.1,-4.01996,-8.33818,-0.444295,-0.895881
60.2,-4.07538,-8.44936,-0.44415,-0.895953
60.3,-4.1308,-8.56063,-0.443984,-0.896034
60.4,-4.18623,-8.672,-0.443796,-0.896128
60.5,-4.24172,-8.78346,-0.443854,-0.896099
60.6,-4.29724,-8.89504,-0.443761,-0.896145
60.7,-4.35284,-9.00671,-0.443874,-0.896089
60.8,-4.40849,-9.11853,-0.44378,-0.896136
60.9,-4.46426,-9.23027,-0.444467,-0.895795
61,-4.5201,-9.34199,-0.444776,-0.895642
61.1,-4.57604,-9.45372,-0.445132,-0.895465
61.2,-4.63207,-9.56547,-0.445478,-0.895293
61.3,-4.68814,-9.67733,-0.445413,-0.895325
61.4,-4.74427,-9.78933,-0.445408,-0.895328
61.5,-4.80049,-9.90147,-0.445418,-0.895323
61.6,-4.85673,-10.0138,-0.445092,-0.895485
61.7,-4.91305,-10.1264,-0.444937,-0.895562
61.8,-4.96947,-10.2392,-0.444903,-0.895579
61.9,-5.02601,-10.3523,-0.444958,-0.895552
62,-5.08269,-10.4651,-0.445836,-0.895115
62.1,-5.1395,-10.5779,-0.446607,-0.89473
62.2,-5.19645,-10.6906,-0.447253,-0.894407
62.3,-5.25354,-10.8033,-0.447785,-0.894141
62.4,-5.31074,-10.9161,-0.448183,-0.893942
62.5,-5.36807,-11.0289,-0.448486,-0.89379
62.6,-5.42552,-11.1419,-0.448715,-0.893675
62.7,-5.48308,-11.255,-0.448888,-0.893588
62.8,-5.54075,-11.3683,-0.449019,-0.893522
62.9,-5.59852,-11.4817,-0.449112,-0.893475
63,-5.6564,-11.5953,-0.449175,-0.893444
63.1,-5.71443,-11.7086,-0.450355,-0.89285
63.2,-5.77257,-11.8218,-0.451145,-0.89245
63.3,-5.83079,-11.9348,-0.451631,-0.892205
63.4,-5.88907,-12.0479,-0.451882,-0.892078
63.5,-5.94739,-12.161,-0.451967,-0.892035
63.6,-6.00575,-12.2741,-0.451941,-0.892048
63.7,-6.06416,-12.3874,-0.451846,-0.892096
63.8,-6.12259,-12.5009,-0.451705,-0.892167
63.9,-6.18106,-12.6144,-0.451527,-0.892257
64,-6.23961,-12.7277,-0.452436,-0.891797
64.1,-6.2982,-12.8409,-0.452931,-0.891546
64.2,-6.35679,-12.9539,-0.453107,-0.891456
64.3,-6.41536,-13.0669,-0.453033,-0.891494
64.4,-6.4739,-13.18,-0.452777,-0.891624
64.5,-6.5324,-13.2932,-0.452396,-0.891817
64.6,-6.59086,-13.4065,-0.451938,-0.892049
64.7,-6.64927,-13.52,-0.451433,-0.892305
64.8,-6.70763,-13.6336,-0.450898,-0.892576
64.9,-6.76596,-13.7475,-0.450342,-0.892856
65,-6.82429,-13.861,-0.450966,-0.892541
65.1,-6.88258,-13.9744,-0.451131,-0.892458
65.2,-6.94081,-14.0877,-0.450955,-0.892547
65.3,-6.99897,-14.2011,-0.450539,-0.892757
65.4,-7.05704,-14.3146,-0.449968,-0.893044
65.5,-7.11505,-14.4283,-0.449311,-0.893376
65.6,-7.17297,-14.5421,-0.448612,-0.893727
65.7,-7.23083,-14.6562,-0.447896,-0.894086
65.8,-7.28863,-14.7705,-0.447172,-0.894448
65.9,-7.34637,-14.8851,-0.446453,-0.894807
66,-7.4041,-14.9993,-0.447027,-0.89452
66.1,-7.46178,-15.1135,-0.447092,-0.894488
66.2,-7.51939,-15.2276,-0.446788,-0.89464
66.3,-7.57692,-15.3418,-0.446253,-0.894907
66.4,-7.63438,-15.4562,-0.445583,-0.895241
66.5,-7.69177,-15.5708,-0.444846,-0.895607
66.6,-7.74909,-15.6857,-0.444078,-0.895988
66.7,-7.80635,-15.8009,-0.443303,-0.896372
66.8,-7.86356,-15.9163,-0.44254,-0.896749
66.9,-7.9208,-16.0314,-0.443289,-0.896379
67,-7.97801,-16.1463,-0.443459,-0.896295
67.1,-8.03519,-16.2613,-0.443255,-0.896395
67.2,-8.09232,-16.3764,-0.442853,-0.896594
67.3,-8.14941,-16.4917,-0.442323,-0.896856
67.4,-8.20646,-16.6072,-0.441722,-0.897152
67.5,-8.26347,-16.7229,-0.441062,-0.897477
67.6,-8.32042,-16.8389,-0.44033,-0.897836
67.7,-8.37732,-16.9552,-0.439521,-0.898233
67.8,-8.43421,-17.0711,-0.440249,-0.897876
67.9,-8.49101,-17.1869,-0.440162,-0.897919
68,-8.54771,-17.3028,-0.439531,-0.898227
68.1,-8.60427,-17.4189,-0.438565,-0.898699
68.2,-8.66073,-17.5353,-0.437467,-0.899235
68.3,-8.71709,-17.6521,-0.436341,-0.899781
68.4,-8.77337,-17.7693,-0.435226,-0.900321
68.5,-8.82958,-17.8869,-0.434126,-0.900852
68.6,-8.88572,-18.005,-0.433034,-0.901377
68.7,-8.94183,-18.1235,-0.432061,-0.901844
68.8,-8.99791,-18.2424,-0.431163,-0.902274
68.9,-9.05403,-18.3607,-0.432375,-0.901694
69,-9.11013,-18.4789,-0.43265,-0.901562
69.1,-9.1662,-18.5971,-0.432426,-0.90167
69.2,-9.22223,-18.7155,-0.431963,-0.901891
69.3,-9.27825,-18.8341,-0.431395,-0.902163
69.4,-9.33425,-18.9531,-0.43079,-0.902452
69.5,-9.39025,-19.0723,-0.430248,-0.902711
69.6,-9.44626,-19.1918,-0.429747,-0.902949
69.7,-9.50231,-19.3116,-0.429337,-0.903144
69.8,-9.55844,-19.4307,-0.430926,-0.902387
69.9,-9.61459,-19.5496,-0.431594,-0.902068
70,-9.67075,-19.6684,-0.431744,-0.901996
70.1,-9.72692,-19.7873,-0.431627,-0.902052
70.2,-9.78311,-19.9063,-0.431382,-0.902169
70.3,-9.83933,-20.0255,-0.431149,-0.902281
70.4,-9.8956,-20.145,-0.430945,-0.902378
70.5,-9.95193,-20.2647,-0.430781,-0.902456
70.6,-10.0084,-20.3836,-0.432608,-0.901582
70.7,-10.0649,-20.5023,-0.433401,-0.901201
70.8,-10.1213,-20.6208,-0.433524,-0.901142
70.9,-10.1778,-20.7394,-0.433241,-0.901278
71,-10.2342,-20.8583,-0.4327,-0.901538
71.1,-10.2905,-20.9774,-0.432069,-0.90184
71.2,-10.3469,-21.0967,-0.431464,-0.90213
71.3,-10.4033,-21.2156,-0.432657,-0.901558
71.4,-10.4597,-21.3344,-0.432987,-0.9014
71.5,-10.5161,-21.4532,-0.432804,-0.901488
71.6,-10.5725,-21.5722,-0.432312,-0.901724
71.7,-10.6288,-21.6915,-0.431622,-0.902055
71.8,-10.6851,-21.8111,-0.430845,-0.902426
71.9,-10.7414,-21.931,-0.430276,-0.902697
72,-10.7978,-22.0513,-0.429768,-0.902939
72.1,-10.8542,-22.1709,-0.431373,-0.902174
72.2,-10.9107,-22.2903,-0.431977,-0.901885
72.3,-10.9672,-22.4098,-0.43208,-0.901835
72.4,-11.0238,-22.5294,-0.431953,-0.901896
72.5,-11.0804,-22.6492,-0.431739,-0.901998
72.6,-11.1371,-22.7693,-0.431589,-0.90207
72.7,-11.1939,-22.8896,-0.431481,-0.902122
72.8,-11.2507,-23.0101,-0.431465,-0.90213
72.9,-11.3077,-23.1308,-0.431559,-0.902085
73,-11.3648,-23.2507,-0.433651,-0.901081
73.1,-11.422,-23.3702,-0.434682,-0.900584
73.2,-11.4792,-23.4895,-0.434996,-0.900432
73.3,-11.5363,-23.6089,-0.434947,-0.900456
73.4,-11.5935,-23.7283,-0.434727,-0.900562
73.5,-11.6507,-23.848,-0.434553,-0.900646
73.6,-11.708,-23.967,-0.435919,-0.899986
73.7,-11.7653,-24.0858,-0.436491,-0.899709
73.8,-11.8226,-24.2046,-0.436599,-0.899656
73.9,-11.8799,-24.3235,-0.436449,-0.899729
74,-11.9372,-24.4425,-0.436215,-0.899842
74.1,-11.9945,-24.5617,-0.435986,-0.899954
74.2,-12.052,-24.6811,-0.435843,-0.900023
74.3,-12.1095,-24.8007,-0.435875,-0.900007
74.4,-12.1671,-24.9195,-0.437931,-0.899009
74.5,-12.2249,-25.0379,-0.439243,-0.898368
74.6,-12.2828,-25.1561,-0.440156,-0.897921
74.7,-12.3408,-25.2742,-0.440844,-0.897584
74.8,-12.3989,-25.3922,-0.441404,-0.897308
74.9,-12.4572,-25.5102,-0.441857,-0.897086
75,-12.5155,-25.6273,-0.443831,-0.896111
75.1,-12.5738,-25.7441,-0.44487,-0.895595
75.2,-12.6321,-25.8605,-0.445171,-0.895445
75.3,-12.6904,-25.9768,-0.445442,-0.895311
75.4,-12.7486,-26.093,-0.445184,-0.895439
75.5,-12.8066,-26.2093,-0.444624,-0.895717
75.6,-12.8647,-26.3258,-0.443983,-0.896035
75.7,-12.9226,-26.4425,-0.443394,-0.896327
75.8,-12.9806,-26.5594,-0.442925,-0.896559
75.9,-13.0386,-26.6765,-0.442593,-0.896723
76,-13.0966,-26.7938,-0.442395,-0.89682
76.1,-13.1547,-26.9112,-0.442324,-0.896855
76.2,-13.2129,-27.0287,-0.442593,-0.896723
76.3,-13.2711,-27.1453,-0.444794,-0.895633
76.4,-13.3295,-27.2614,-0.446142,-0.894962
76.5,-13.3879,-27.3773,-0.446913,-0.894577
76.6,-13.4464,-27.493,-0.447338,-0.894365
76.7,-13.5049,-27.6086,-0.447586,-0.894241
76.8,-13.5635,-27.7243,-0.447771,-0.894148
76.9,-13.6221,-27.84,-0.447952,-0.894058
77,-13.6808,-27.9557,-0.448137,-0.893965
77.1,-13.7395,-28.0714,-0.448307,-0.89388
77.2,-13.7983,-28.1871,-0.448446,-0.89381
77.3,-13.8571,-28.3028,-0.44868,-0.893693
77.4,-13.9159,-28.4178,-0.450164,-0.892946
77.5,-13.9748,-28.5324,-0.45098,-0.892534
77.6,-14.0336,-28.6468,-0.451316,-0.892364
77.7,-14.0924,-28.7612,-0.451349,-0.892348
77.8,-14.1513,-28.8757,-0.451221,-0.892412
77.9,-14.2101,-28.9902,-0.451035,-0.892507
78,-14.269,-29.1049,-0.450841,-0.892604
78.1,-14.3279,-29.2198,-0.450672,-0.89269
78.2,-14.3869,-29.3348,-0.450563,-0.892745
78.3,-14.4459,-29.45,-0.450483,-0.892785
78.4,-14.505,-29.5653,-0.450441,-0.892806
78.5,-14.5642,-29.6803,-0.451608,-0.892217
78.6,-14.6235,-29.7951,-0.45233,-0.891851
78.7,-14.6829,-29.9099,-0.452783,-0.891621
78.8,-14.7424,-30.0246,-0.453095,-0.891462
78.9,-14.802,-30.1395,-0.453355,-0.89133
79,-14.8617,-30.2544,-0.453614,-0.891198
79.1,-14.9215,-30.3695,-0.453893,-0.891056
79.2,-14.9815,-30.4842,-0.455056,-0.890463
79.3,-15.0416,-30.5987,-0.455906,-0.890028
79.4,-15.1017,-30.7131,-0.4565,-0.889723
79.5,-15.162,-30.8274,-0.457005,-0.889464
79.6,-15.2223,-30.9416,-0.457298,-0.889314
79.7,-15.2825,-31.0557,-0.457403,-0.88926
79.8,-15.3428,-31.1699,-0.457361,-0.889281
79.9,-15.4031,-31.2841,-0.457197,-0.889366
80,-15.4634,-31.3984,-0.456938,-0.889499
80.1,-15.5236,-31.5128,-0.456608,-0.889668
80.2,-15.5838,-31.6274,-0.45623,-0.889862
80.3,-15.644,-31.742,-0.455821,-0.890072
80.4,-15.7041,-31.8568,-0.455396,-0.890289
80.5,-15.7642,-31.9718,-0.454969,-0.890507
80.6,-15.8244,-32.0867,-0.455081,-0.89045
80.7,-15.8845,-32.2017,-0.455046,-0.890468
80.8,-15.9446,-32.3167,-0.454866,-0.89056
80.9,-16.0047,-32.4318,-0.454574,-0.890709
81,-16.0648,-32.547,-0.454179,-0.89091
81.1,-16.1249,-32.6624,-0.453746,-0.891131
81.2,-16.1849,-32.778,-0.453303,-0.891357
81.3,-16.2449,-32.8938,-0.452837,-0.891594
81.4,-16.305,-33.0098,-0.452419,-0.891806
81.5,-16.365,-33.126,-0.452009,-0.892013
81.6,-16.425,-33.2424,-0.451675,-0.892182
81.7,-16.4851,-33.3587,-0.451951,-0.892043
81.8,-16.5452,-33.475,-0.452104,-0.891965
81.9,-16.6054,-33.5913,-0.452155,-0.891939
82,-16.6655,-33.7076,-0.452143,-0.891945
82.1,-16.7257,-33.8241,-0.452107,-0.891964
82.2,-16.7859,-33.9405,-0.45205,-0.891993
82.3,-16.8461,-34.0571,-0.451988,-0.892024
82.4,-16.9064,-34.1736,-0.452188,-0.891923
82.5,-16.9667,-34.29,-0.452316,-0.891858
82.6,-17.027,-34.4065,-0.452385,-0.891823
82.7,-17.0873,-34.523,-0.452406,-0.891812
82.8,-17.1476,-34.6394,-0.45239,-0.89182
82.9,-17.2079,-34.7559,-0.452354,-0.891839
83,-17.2682,-34.8724,-0.452309,-0.891861
83.1,-17.3285,-34.9889,-0.452268,-0.891882
83.2,-17.3888,-35.1054,-0.452238,-0.891897
83.3,-17.4492,-35.2219,-0.45244,-0.891795
83.4,-17.5095,-35.3383,-0.452597,-0.891715
83.5,-17.5699,-35.4547,-0.452722,-0.891652
83.6,-17.6303,-35.5711,-0.452821,-0.891601
83.7,-17.6907,-35.6874,-0.4529,-0.891561
83.8,-17.7511,-35.8037,-0.452963,-0.89153
83.9,-17.8115,-35.92,-0.45301,-0.891505
84,-17.8719,-36.0363,-0.453043,-0.891489
84.1,-17.9324,-36.1526,-0.453063,-0.891479
84.2,-17.9928,-36.2688,-0.453069,-0.891475
84.3,-18.0532,-36.3851,-0.453062,-0.891479
84.4,-18.1136,-36.5014,-0.45304,-0.89149
84.5,-18.174,-36.6176,-0.453006,-0.891507
84.6,-18.2344,-36.7339,-0.45296,-0.891531
84.7,-18.2948,-36.8501,-0.452903,-0.89156
84.8,-18.3552,-36.9664,-0.452837,-0.891593
84.9,-18.4156,-37.0827,-0.452765,-0.89163
85,-18.476,-37.199,-0.452688,-0.891669
85.1,-18.5364,-37.3153,-0.452607,-0.89171
85.2,-18.5967,-37.4317,-0.452524,-0.891752
85.3,-18.6571,-37.5481,-0.452439,-0.891795
85.4,-18.7175,-37.6645,-0.452355,-0.891838
85.5,-18.7778,-37.7809,-0.452271,-0.891881
85.6,-18.8382,-37.8973,-0.452187,-0.891923
85.7,-18.8985,-38.0138,-0.452104,-0.891965
85.8,-18.9588,-38.1303,-0.452022,-0.892007
85.9,-19.0192,-38.2468,-0.45194,-0.892048
86,-19.0795,-38.3634,-0.45186,-0.892089
86.1,-19.1398,-38.4799,-0.45178,-0.892129
86.2,-19.2001,-38.5965,-0.451701,-0.892169
86.3,-19.2605,-38.7131,-0.451623,-0.892209
86.4,-19.3208,-38.8298,-0.451545,-0.892248
86.5,-19.3811,-38.9464,-0.451468,-0.892287
86.6,-19.4414,-39.0631,-0.451392,-0.892326
86.7,-19.5017,-39.1798,-0.451316,-0.892364
86.8,-19.562,-39.2966,-0.451237,-0.892404
86.9,-19.6223,-39.4133,-0.451155,-0.892446
87,-19.6825,-39.5301,-0.45107,-0.892489
87.1,-19.7428,-39.6469,-0.450983,-0.892532
87.2,-19.8031,-39.7638,-0.450895,-0.892577
87.3,-19.8634,-39.8807,-0.450806,-0.892622
87.4,-19.9237,-39.9976,-0.450717,-0.892667
87.5,-19.9839,-40.1145,-0.450626,-0.892713
87.6,-20.0442,-40.2315,-0.450536,-0.892758
87.7,-20.1045,-40.3485,-0.450446,-0.892803
87.8,-20.1647,-40.4656,-0.450356,-0.892849
87.9,-20.225,-40.5826,-0.450266,-0.892894
88,-20.2853,-40.6997,-0.450177,-0.892939
88.1,-20.3455,-40.8169,-0.450088,-0.892984
88.2,-20.4057,-40.934,-0.449999,-0.893029
88.3,-20.466,-41.0512,-0.449911,-0.893073
88.4,-20.5262,-41.1684,-0.449823,-0.893118
88.5,-20.5864,-41.2856,-0.449735,-0.893162
88.6,-20.6467,-41.4029,-0.449647,-0.893206
88.7,-20.7069,-41.5202,-0.449559,-0.89325
88.8,-20.7671,-41.6375,-0.449471,-0.893295
88.9,-20.8273,-41.7548,-0.449383,-0.893339
89,-20.8875,-41.8722,-0.449295,-0.893383
89.1,-20.9477,-41.9896,-0.449207,-0.893428
89.2,-21.0079,-42.107,-0.449117,-0.893473
89.3,-21.0681,-42.2244,-0.449026,-0.893519
89.4,-21.1282,-42.3419,-0.448935,-0.893564
89.5,-21.1884,-42.4594,-0.448843,-0.893611
89.6,-21.2486,-42.5769,-0.448751,-0.893657
89.7,-21.3087,-42.6944,-0.448658,-0.893704
89.8,-21.3689,-42.812,-0.448565,-0.89375
89.9,-21.429,-42.9296,-0.448471,-0.893797
90,-21.4892,-43.0472,-0.448377,-0.893845
90.1,-21.5493,-43.1649,-0.448283,-0.893892
90.2,-21.6094,-43.2826,-0.448188,-0.893939
90.3,-21.6695,-43.4003,-0.448093,-0.893987
90.4,-21.7296,-43.518,-0.447998,-0.894035
90.5,-21.7897,-43.6357,-0.447902,-0.894083
90.6,-21.8498,-43.7535,-0.447806,-0.894131
90.7,-21.9099,-43.8713,-0.447709,-0.894179
90.8,-21.97,-43.9892,-0.447613,-0.894228
90.9,-22.03,-44.107,-0.447516,-0.894276
91,-22.0901,-44.2249,-0.447419,-0.894325
91.1,-22.1501,-44.3428,-0.447321,-0.894373
91.2,-22.2102,-44.4607,-0.447223,-0.894422
91.3,-22.2702,-44.5787,-0.447125,-0.894471
91.4,-22.3302,-44.6967,-0.447026,-0.894521
91.5,-22.3903,-44.8147,-0.446927,-0.89457
91.6,-22.4503,-44.9328,-0.446828,-0.89462
91.7,-22.5103,-45.0509,-0.446728,-0.89467
91.8,-22.5703,-45.169,-0.446627,-0.89472
91.9,-22.6302,-45.2871,-0.446526,-0.894771
92,-22.6902,-45.4053,-0.446425,-0.894821
92.1,-22.7502,-45.5234,-0.446322,-0.894872
92.2,-22.8101,-45.6416,-0.44622,-0.894923
92.3,-22.8701,-45.7599,-0.446116,-0.894975
92.4,-22.93,-45.8782,-0.446013,-0.895027
92.5,-22.99,-45.9964,-0.445908,-0.895079
92.6,-23.0499,-46.1148,-0.445803,-0.895131
92.7,-23.1098,-46.2331,-0.445697,-0.895184
92.8,-23.1697,-46.3515,-0.445591,-0.895237
92.9,-23.2296,-46.4699,-0.445483,-0.89529
93,-23.2895,-46.5883,-0.445376,-0.895344
93.1,-23.3493,-46.7068,-0.445267,-0.895398
93.2,-23.4092,-46.8253,-0.445158,-0.895452
93.3,-23.4691,-46.9438,-0.445048,-0.895507
93.4,-23.5289,-47.0624,-0.444937,-0.895562
93.5,-23.5887,-47.181,-0.444826,-0.895617
93.6,-23.6486,-47.2996,-0.444713,-0.895673
93.7,-23.7084,-47.4182,-0.4446,-0.895729
93.8,-23.7682,-47.5369,-0.444486,-0.895786
93.9,-23.8279,-47.6556,-0.444371,-0.895843
94,-23.8877,-47.7743,-0.444255,-0.8959
94.1,-23.9475,-47.893,-0.444138,-0.895958
94.2,-24.0072,-48.0118,-0.44402,-0.896017
94.3,-24.067,-48.1306,-0.443902,-0.896076
94.4,-24.1267,-48.2495,-0.443782,-0.896135
94.5,-24.1864,-48.3683,-0.443661,-0.896195
94.6,-24.2461,-48.4872,-0.443539,-0.896255
94.7,-24.3058,-48.6062,-0.443415,-0.896316
94.8,-24.3654,-48.7251,-0.443291,-0.896378
94.9,-24.4251,-48.8441,-0.443165,-0.89644
95,-24.4847,-48.9632,-0.443039,-0.896503
95.1,-24.5444,-49.0822,-0.442911,-0.896566
95.2,-24.604,-49.2013,-0.442781,-0.89663
95.3,-24.6636,-49.3204,-0.442651,-0.896694
95.4,-24.7232,-49.4396,-0.442519,-0.896759
95.5,-24.7827,-49.5587,-0.442386,-0.896825
95.6,-24.8423,-49.678,-0.442251,-0.896891
95.7,-24.9018,-49.7972,-0.442115,-0.896958
95.8,-24.9614,-49.9165,-0.441977,-0.897026
95.9,-25.0209,-50.0358,-0.441839,-0.897095
96,-25.0804,-50.1551,-0.441698,-0.897164
96.1,-25.1398,-50.2745,-0.441557,-0.897233
96.2,-25.1993,-50.3939,-0.441413,-0.897304
96.3,-25.2587,-50.5133,-0.441278,-0.89737
96.4,-25.3181,-50.6328,-0.441148,-0.897434
96.5,-25.3775,-50.7523,-0.441021,-0.897497
96.6,-25.4369,-50.8718,-0.440895,-0.897559
96.7,-25.4963,-50.9914,-0.44077,-0.89762
96.8,-25.5557,-51.111,-0.440644,-0.897682
96.9,-25.615,-51.2306,-0.440518,-0.897744
97,-25.6744,-51.3502,-0.44039,-0.897806
97.1,-25.7337,-51.4699,-0.440262,-0.89787
97.2,-25.793,-51.5896,-0.440132,-0.897933
97.3,-25.8523,-51.7093,-0.440001,-0.897997
97.4,-25.9115,-51.8291,-0.439868,-0.898062
97.5,-25.9708,-51.9489,-0.439735,-0.898128
97.6,-26.03,-52.0687,-0.4396,-0.898194
97.7,-26.0892,-52.1886,-0.439464,-0.89826
97.8,-26.1484,-52.3084,-0.439328,-0.898327
97.9,-26.2076,-52.4283,-0.43919,-0.898394
98,-26.2667,-52.5483,-0.439052,-0.898462
98.1,-26.3259,-52.6683,-0.438913,-0.898529
98.2,-26.385,-52.7882,-0.438774,-0.898597
98.3,-26.4441,-52.9083,-0.438634,-0.898666
98.4,-26.5032,-53.0283,-0.438494,-0.898734
98.5,-26.5623,-53.1484,-0.438354,-0.898802
98.6,-26.6213,-53.2686,-0.438214,-0.898871
98.7,-26.6803,-53.3887,-0.438073,-0.898939
98.8,-26.7394,-53.5089,-0.437933,-0.899008
98.9,-26.7984,-53.6291,-0.437792,-0.899076
99,-26.8573,-53.7493,-0.437652,-0.899144
99.1,-26.9163,-53.8696,-0.437513,-0.899212
99.2,-26.9752,-53.9899,-0.437373,-0.89928
99.3,-27.0341,-54.1102,-0.437235,-0.899347
99.4,-27.093,-54.2306,-0.437097,-0.899414
99.5,-27.1519,-54.351,-0.43696,-0.899481
99.6,-27.2108,-54.4714,-0.436824,-0.899547
99.7,-27.2696,-54.5918,-0.436689,-0.899613
99.8,-27.3284,-54.7123,-0.436555,-0.899678
99.9,-27.3872,-54.8328,-0.436422,-0.899742
100,-27.446,-54.9533,-0.43629,-0.899806
100.1,-27.5048,-55.0739,-0.436159,-0.89987
100.2,-27.5635,-55.1945,-0.436029,-0.899933
100.3,-27.6223,-55.3151,-0.435901,-0.899995
100.4,-27.681,-55.4357,-0.435773,-0.900056
100.5,-27.7397,-55.5564,-0.435648,-0.900117
100.6,-27.7983,-55.677,-0.435523,-0.900178
100.7,-27.857,-55.7978,-0.4354,-0.900237
100.8,-27.9156,-55.9185,-0.435278,-0.900296
100.9,-27.9743,-56.0392,-0.435158,-0.900354
101,-28.0329,-56.16,-0.435039,-0.900412
101.1,-28.0914,-56.2808,-0.434922,-0.900468
101.2,-28.15,-56.4017,-0.434807,-0.900523
101.3,-28.2086,-56.5225,-0.434695,-0.900578
101.4,-28.2671,-56.6434,-0.434584,-0.900631
101.5,-28.3256,-56.7643,-0.434474,-0.900684
101.6,-28.3841,-56.8852,-0.434367,-0.900736
101.7,-28.4426,-57.0062,-0.434262,-0.900786
101.8,-28.5011,-57.1271,-0.43416,-0.900836
101.9,-28.5596,-57.2481,-0.434059,-0.900885
102,-28.618,-57.3691,-0.433962,-0.900931
102.1,-28.6764,-57.4901,-0.433867,-0.900977
102.2,-28.7349,-57.6111,-0.433774,-0.901022
102.3,-28.7933,-57.7322,-0.433684,-0.901065
102.4,-28.8517,-57.8533,-0.433595,-0.901108
102.5,-28.91,-57.9744,-0.433509,-0.901149
102.6,-28.9684,-58.0955,-0.433426,-0.901189
102.7,-29.0268,-58.2166,-0.433345,-0.901228
102.8,-29.0851,-58.3377,-0.433267,-0.901266
102.9,-29.1434,-58.4589,-0.433191,-0.901302
103,-29.2017,-58.58,-0.433117,-0.901338
103.1,-29.26,-58.7012,-0.433046,-0.901372
103.2,-29.3183,-58.8224,-0.432978,-0.901405
103.3,-29.3766,-58.9436,-0.43291,-0.901437
103.4,-29.4349,-59.0648,-0.432844,-0.901469
103.5,-29.4932,-59.186,-0.432782,-0.901499
103.6,-29.5514,-59.3072,-0.432721,-0.901528
103.7,-29.6096,-59.4285,-0.432663,-0.901556
103.8,-29.6679,-59.5497,-0.432613,-0.90158
103.9,-29.7261,-59.6709,-0.432562,-0.901604
104,-29.7843,-59.7922,-0.432517,-0.901626
104.1,-29.8425,-59.9134,-0.432472,-0.901647
104.2,-29.9007,-60.0347,-0.432431,-0.901667
104.3,-29.9589,-60.1559,-0.432394,-0.901685
104.4,-30.017,-60.2772,-0.432354,-0.901704
104.5,-30.0752,-60.3984,-0.432319,-0.901721
104.6,-30.1334,-60.5197,-0.432286,-0.901736
104.7,-30.1915,-60.6409,-0.432256,-0.901751
104.8,-30.2496,-60.7621,-0.432227,-0.901765
104.9,-30.3078,-60.8834,-0.4322,-0.901778
105,-30.3659,-61.0046,-0.432173,-0.901791
105.1,-30.424,-61.1258,-0.432148,-0.901803
105.2,-30.4821,-61.247,-0.432123,-0.901815
105.3,-30.5402,-61.3682,-0.432099,-0.901826
105.4,-30.5982,-61.4894,-0.432076,-0.901837
105.5,-30.6563,-61.6106,-0.432054,-0.901848
105.6,-30.7144,-61.7318,-0.432134,-0.90181
105.7,-30.7725,-61.853,-0.432166,-0.901794
105.8,-30.8306,-61.9741,-0.432272,-0.901743
105.9,-30.8887,-62.0952,-0.432314,-0.901723
106,-30.9468,-62.2163,-0.43242,-0.901672
106.1,-31.0049,-62.3374,-0.432562,-0.901604
106.2,-31.0631,-62.4584,-0.43272,-0.901528
106.3,-31.1212,-62.5793,-0.432881,-0.901451
106.4,-31.1794,-62.7003,-0.433038,-0.901376
106.5,-31.2376,-62.8212,-0.433186,-0.901304
106.6,-31.2959,-62.942,-0.433326,-0.901237
106.7,-31.3541,-63.0629,-0.433454,-0.901176
106.8,-31.4124,-63.1837,-0.433572,-0.901119
106.9,-31.4707,-63.3044,-0.433681,-0.901066
107,-31.529,-63.4251,-0.433781,-0.901019
107.1,-31.5873,-63.5458,-0.433872,-0.900975
107.2,-31.6456,-63.6665,-0.433956,-0.900934
107.3,-31.7039,-63.7872,-0.434033,-0.900897
107.4,-31.7622,-63.9078,-0.434105,-0.900862
107.5,-31.8205,-64.0284,-0.434171,-0.90083
107.6,-31.8788,-64.1489,-0.434232,-0.900801
107.7,-31.9372,-64.2695,-0.43429,-0.900773
107.8,-31.9955,-64.39,-0.434343,-0.900747
107.9,-32.0538,-64.5105,-0.434393,-0.900723
108,-32.1122,-64.6309,-0.434439,-0.900701
108.1,-32.1705,-64.7514,-0.43448,-0.900681
108.2,-32.2288,-64.8718,-0.434519,-0.900663
108.3,-32.2872,-64.9922,-0.434555,-0.900645
108.4,-32.3455,-65.1125,-0.434587,-0.90063
108.5,-32.4038,-65.2329,-0.434617,-0.900616
108.6,-32.4621,-65.3532,-0.434644,-0.900602
108.7,-32.5204,-65.4735,-0.434669,-0.90059
108.8,-32.5788,-65.5938,-0.434692,-0.900579
108.9,-32.6371,-65.714,-0.434712,-0.90057
109,-32.6954,-65.8342,-0.434731,-0.90056
109.1,-32.7537,-65.9544,-0.434749,-0.900552
109.2,-32.8119,-66.0746,-0.434766,-0.900544
109.3,-32.8702,-66.1947,-0.43478,-0.900537
109.4,-32.9285,-66.3148,-0.434792,-0.900531
109.5,-32.9867,-66.4349,-0.434802,-0.900526
109.6,-33.045,-66.5549,-0.434807,-0.900523
109.7,-33.1032,-66.675,-0.434812,-0.900521
109.8,-33.1615,-66.795,-0.434814,-0.90052
109.9,-33.2197,-66.9149,-0.434813,-0.900521
110,-33.2779,-67.0349,-0.434808,-0.900523
110.1,-33.3361,-67.1548,-0.434802,-0.900526
110.2,-33.3942,-67.2747,-0.434794,-0.90053
110.3,-33.4524,-67.3945,-0.434785,-0.900534
110.4,-33.5105,-67.5144,-0.434774,-0.900539
110.5,-33.5687,-67.6342,-0.434762,-0.900545
110.6,-33.6268,-67.7539,-0.434749,-0.900551
110.7,-33.6849,-67.8737,-0.434737,-0.900558
110.8,-33.743,-67.9934,-0.434723,-0.900564
110.9,-33.801,-68.1131,-0.434708,-0.900572
111,-33.8591,-68.2327,-0.434691,-0.90058
111.1,-33.9171,-68.3523,-0.434672,-0.900589
111.2,-33.9751,-68.4719,-0.434651,-0.900599
111.3,-34.0331,-68.5914,-0.434626,-0.900611
111.4,-34.091,-68.7109,-0.434599,-0.900624
111.5,-34.149,-68.8304,-0.434568,-0.900639
111.6,-34.2069,-68.9498,-0.434535,-0.900655
111.7,-34.2648,-69.0692,-0.434499,-0.900672
111.8,-34.3226,-69.1886,-0.434461,-0.900691
111.9,-34.3805,-69.3079,-0.434421,-0.90071
112,-34.4383,-69.4272,-0.434378,-0.900731
112.1,-34.4961,-69.5465,-0.434333,-0.900752
112.2,-34.5538,-69.6657,-0.434286,-0.900775
112.3,-34.6115,-69.7849,-0.434237,-0.900799
112.4,-34.6692,-69.904,-0.434186,-0.900823
112.5,-34.7269,-70.0231,-0.434133,-0.900849
112.6,-34.7845,-70.1422,-0.434077,-0.900876
112.7,-34.8421,-70.2612,-0.434021,-0.900903
112.8,-34.8997,-70.3802,-0.433962,-0.900931
112.9,-34.9573,-70.4992,-0.433901,-0.90096
113,-35.0148,-70.6181,-0.433839,-0.900991
113.1,-35.0723,-70.737,-0.433774,-0.901022
113.2,-35.1297,-70.8558,-0.433709,-0.901053
113.3,-35.1871,-70.9746,-0.433641,-0.901086
113.4,-35.2445,-71.0934,-0.433568,-0.901121
113.5,-35.3018,-71.2121,-0.433499,-0.901154
113.6,-35.3591,-71.3308,-0.433429,-0.901188
113.7,-35.4164,-71.4494,-0.433357,-0.901222
113.8,-35.4736,-71.568,-0.433285,-0.901257
113.9,-35.5308,-71.6866,-0.433213,-0.901291
114,-35.588,-71.8051,-0.433139,-0.901327
114.1,-35.6451,-71.9236,-0.433066,-0.901362
114.2,-35.7022,-72.0421,-0.432993,-0.901397
114.3,-35.7593,-72.1605,-0.432922,-0.901431
114.4,-35.8163,-72.2789,-0.432852,-0.901465
114.5,-35.8733,-72.3972,-0.432783,-0.901498
114.6,-35.9303,-72.5155,-0.432715,-0.901531
114.7,-35.9872,-72.6338,-0.432646,-0.901564
114.8,-36.0441,-72.752,-0.432578,-0.901597
114.9,-36.1009,-72.8702,-0.432509,-0.90163
115,-36.1577,-72.9883,-0.432442,-0.901662
115.1,-36.2145,-73.1064,-0.432374,-0.901694
115.2,-36.2713,-73.2245,-0.432305,-0.901727
115.3,-36.328,-73.3425,-0.432236,-0.90176
115.4,-36.3847,-73.4605,-0.432168,-0.901793
115.5,-36.4413,-73.5785,-0.432097,-0.901827
115.6,-36.498,-73.6964,-0.432023,-0.901863
115.7,-36.5545,-73.8143,-0.431949,-0.901898
115.8,-36.6111,-73.9322,-0.431876,-0.901933
115.9,-36.6676,-74.05,-0.4318,-0.901969
116,-36.7241,-74.1678,-0.431742,-0.901997
116.1,-36.7805,-74.2856,-0.431691,-0.902022
116.2,-36.837,-74.4033,-0.431641,-0.902045
116.3,-36.8934,-74.521,-0.431587,-0.902071
116.4,-36.9497,-74.6386,-0.431531,-0.902098
116.5,-37.006,-74.7562,-0.431476,-0.902124
116.6,-37.0623,-74.8738,-0.431418,-0.902152
116.7,-37.1186,-74.9913,-0.431354,-0.902183
116.8,-37.1749,-75.1088,-0.431286,-0.902215
116.9,-37.2311,-75.2263,-0.431215,-0.902249
117,-37.2872,-75.3437,-0.431144,-0.902283
117.1,-37.3434,-75.4611,-0.431073,-0.902317
117.2,-37.3995,-75.5785,-0.431002,-0.902351
117.3,-37.4556,-75.6958,-0.430933,-0.902384
117.4,-37.5116,-75.8131,-0.430866,-0.902416
117.5,-37.5676,-75.9304,-0.4308,-0.902447
117.6,-37.6236,-76.0477,-0.430753,-0.90247
117.7,-37.6796,-76.1649,-0.430734,-0.902479
117.8,-37.7355,-76.2821,-0.430732,-0.90248
117.9,-37.7915,-76.3992,-0.430769,-0.902462
118,-37.8474,-76.5163,-0.430846,-0.902425
118.1,-37.9033,-76.6333,-0.430956,-0.902373
118.2,-37.9593,-76.7503,-0.431089,-0.902309
118.3,-38.0152,-76.8672,-0.431235,-0.90224
118.4,-38.0712,-76.984,-0.431395,-0.902163
118.5,-38.1271,-77.1007,-0.431559,-0.902084
118.6,-38.1831,-77.2174,-0.431723,-0.902006
118.7,-38.2391,-77.3341,-0.431882,-0.90193
118.8,-38.295,-77.4506,-0.432033,-0.901858
118.9,-38.351,-77.5672,-0.432176,-0.901789
119,-38.407,-77.6836,-0.43234,-0.901711
119.1,-38.4631,-77.8,-0.432499,-0.901634
119.2,-38.5191,-77.9163,-0.432643,-0.901565
119.3,-38.5751,-78.0326,-0.432905,-0.901439
119.4,-38.6312,-78.1488,-0.433101,-0.901345
119.5,-38.6873,-78.2649,-0.433251,-0.901273
119.6,-38.7434,-78.3811,-0.433367,-0.901217
119.7,-38.7995,-78.4971,-0.433465,-0.90117
119.8,-38.8556,-78.6131,-0.433544,-0.901132
119.9,-38.9117,-78.7291,-0.433607,-0.901102
120,-38.9678,-78.845,-0.433658,-0.901078
120.1,-39.0239,-78.9609,-0.433691,-0.901062
120.2,-39.0799,-79.0767,-0.433707,-0.901054
120.3,-39.136,-79.1925,-0.433629,-0.901092
120.4,-39.192,-79.3083,-0.433569,-0.90112
120.5,-39.248,-79.424,-0.433519,-0.901144
120.6,-39.3039,-79.5397,-0.433378,-0.901212
120.7,-39.3598,-79.6553,-0.433272,-0.901263
120.8,-39.4156,-79.7709,-0.433173,-0.901311
120.9,-39.4714,-79.8865,-0.432969,-0.901409
121,-39.5271,-80.002,-0.432803,-0.901488
121.1,-39.5827,-80.1174,-0.432543,-0.901613
121.2,-39.6382,-80.2328,-0.432339,-0.901711
121.3,-39.6937,-80.3482,-0.432031,-0.901859
121.4,-39.749,-80.4634,-0.431787,-0.901975
121.5,-39.8043,-80.5786,-0.431432,-0.902146
121.6,-39.8594,-80.6938,-0.431024,-0.90234
121.7,-39.9144,-80.8088,-0.430741,-0.902476
121.8,-39.9692,-80.9238,-0.430331,-0.902671
121.9,-40.0239,-81.0387,-0.429869,-0.902891
122,-40.0785,-81.1535,-0.429386,-0.903121
122.1,-40.1329,-81.2683,-0.428898,-0.903353
122.2,-40.1874,-81.3828,-0.429738,-0.902954
122.3,-40.2418,-81.497,-0.429845,-0.902903
122.4,-40.2961,-81.6112,-0.429619,-0.90301
122.5,-40.3502,-81.7252,-0.429221,-0.903199
122.6,-40.4042,-81.839,-0.428717,-0.903439
122.7,-40.4579,-81.9528,-0.428138,-0.903713
122.8,-40.5115,-82.0665,-0.42755,-0.903992
122.9,-40.5649,-82.18,-0.426974,-0.904264
123,-40.618,-82.2934,-0.426328,-0.904569
123.1,-40.671,-82.4067,-0.425648,-0.904889
123.2,-40.7236,-82.5198,-0.424975,-0.905205
123.3,-40.7761,-82.6328,-0.424217,-0.90556
123.4,-40.8283,-82.7457,-0.423429,-0.905929
123.5,-40.8802,-82.8583,-0.422664,-0.906286
123.6,-40.9318,-82.9708,-0.421813,-0.906683
123.7,-40.9831,-83.0832,-0.420844,-0.907133
123.8,-41.0342,-83.1954,-0.419942,-0.907551
123.9,-41.0849,-83.3074,-0.418904,-0.90803
124,-41.1352,-83.4193,-0.417801,-0.908539
124.1,-41.1853,-83.531,-0.416838,-0.908981
124.2,-41.235,-83.6425,-0.415635,-0.909531
124.3,-41.2843,-83.7539,-0.41447,-0.910063
124.4,-41.3333,-83.865,-0.413487,-0.91051
124.5,-41.3819,-83.976,-0.41226,-0.911066
124.6,-41.4301,-84.0867,-0.411165,-0.911561
124.7,-41.478,-84.1972,-0.410067,-0.912055
124.8,-41.5255,-84.3075,-0.409001,-0.912534
124.9,-41.5726,-84.4175,-0.407728,-0.913104
125,-41.6193,-84.5272,-0.40664,-0.913589
125.1,-41.6655,-84.6367,-0.405467,-0.91411
125.2,-41.7114,-84.7459,-0.404167,-0.914685
125.3,-41.7568,-84.8549,-0.402799,-0.915289
125.4,-41.8017,-84.9635,-0.401271,-0.91596
125.5,-41.846,-85.0718,-0.399515,-0.916727
125.6,-41.8905,-85.1796,-0.401201,-0.91599
125.7,-41.934,-85.2869,-0.39811,-0.917338
125.8,-41.9775,-85.3937,-0.399073,-0.916919
125.9,-42.0207,-85.5,-0.398842,-0.91702
126,-42.0637,-85.6058,-0.398795,-0.91704
126.1,-42.1062,-85.7112,-0.397983,-0.917393
126.2,-42.1481,-85.8162,-0.395702,-0.918379
126.3,-42.188,-85.9199,-0.389579,-0.920993
126.4,-42.2318,-85.9996,-0.462104,-0.886826
126.5,-42.2709,-86.0867,-0.42147,-0.906842
126.6,-42.3084,-86.1777,-0.4041,-0.914715
126.7,-42.3451,-86.273,-0.391311,-0.920258
126.8,-42.3818,-86.3548,-0.421787,-0.906695
126.9,-42.4138,-86.4458,-0.37703,-0.926201
127,-42.4455,-86.541,-0.367078,-0.93019
127.1,-42.4755,-86.639,-0.353144,-0.935569
127.2,-42.5055,-86.7379,-0.352,-0.936
127.3,-42.5355,-86.8369,-0.351735,-0.9361
127.4,-42.5677,-86.9361,-0.363091,-0.931754
127.5,-42.6012,-87.0358,-0.368712,-0.929543
127.6,-42.635,-87.1347,-0.372191,-0.928156
127.7,-42.6674,-87.2314,-0.369891,-0.929075
127.8,-42.7032,-87.3298,-0.384,-0.923333
127.9,-42.7374,-87.4301,-0.372212,-0.928148
128,-42.7721,-87.5237,-0.388762,-0.921338
128.1,-42.81,-87.6139,-0.412246,-0.911072
128.2,-42.8459,-87.7069,-0.39646,-0.918052
128.3,-42.8791,-87.7981,-0.386824,-0.922153
128.4,-42.9115,-87.8894,-0.383197,-0.923667
128.5,-42.9407,-87.9745,-0.379283,-0.925281
128.6,-42.9732,-88.0653,-0.3853,-0.922791
128.7,-43.0015,-88.1558,-0.363832,-0.931464
128.8,-43.0331,-88.2459,-0.38271,-0.923868
128.9,-43.0667,-88.3339,-0.39808,-0.917351
129,-43.1008,-88.4203,-0.40417,-0.914684
129.1,-43.1349,-88.5081,-0.401428,-0.915891
129.2,-43.168,-88.5932,-0.40228,-0.915517
129.3,-43.1988,-88.6709,-0.408176,-0.912903
129.4,-43.2327,-88.7577,-0.402904,-0.915242
129.5,-43.2713,-88.8395,-0.439149,-0.898414
129.6,-43.3128,-88.9209,-0.454542,-0.890725
129.7,-43.3202,-88.9978,-0.271733,-0.962373
129.8,-43.3728,-89.0531,-0.583761,-0.811926
129.9,-43.3804,-89.1303,-0.272368,-0.962193
130,-43.3851,-89.2098,-0.251089,-0.967964
130.1,-43.3795,-89.2754,-0.203822,-0.979008
130.2,-43.3847,-89.3459,-0.271968,-0.962306
130.3,-43.3738,-89.398,-0.184919,-0.982754
130.4,-43.3811,-89.4605,-0.305001,-0.952352
130.5,-43.4088,-89.4774,-0.608582,-0.793491
130.6,-43.434,-89.5084,-0.528117,-0.849172
130.7,-43.4592,-89.5498,-0.488239,-0.87271
130.8,-43.4848,-89.616,-0.412711,-0.910862
130.9,-43.5216,-89.6702,-0.513089,-0.858335
131,-43.5403,-89.7278,-0.394099,-0.919068
131.1,-43.5682,-89.7865,-0.448219,-0.893924
131.2,-43.6,-89.8559,-0.440283,-0.897859
131.3,-43.6378,-89.9078,-0.526308,-0.850294
131.4,-43.6674,-89.9647,-0.463749,-0.885967
131.5,-43.7415,-90.0163,-0.684901,-0.728636
131.6,-43.7518,-90.0558,-0.386993,-0.922083
131.7,-43.7787,-90.0805,-0.565342,-0.824856
131.8,-43.8155,-90.1196,-0.564367,-0.825524
131.9,-43.8345,-90.158,-0.454799,-0.890594
132,-43.902,-90.2047,-0.676138,-0.736775
132.1,-43.928,-90.2235,-0.583087,-0.81241
132.2,-43.9422,-90.2083,-0.701501,-0.712668
132.3,-43.9617,-90.2428,-0.469637,-0.88286
132.4,-43.9574,-90.2961,-0.233264,-0.972413
132.5,-43.9327,-90.3605,-0.0579627,-0.998319
132.6,-43.8541,-90.4697,0.260463,-0.965484
132.7,-43.8088,-90.6133,0.0600982,-0.998192
132.8,-43.7523,-90.661,0.206915,-0.978359
132.9,-43.7216,-90.7514,-0.0203158,-0.999794
133,-43.7267,-90.8069,-0.318541,-0.947909
133.1,-43.6828,-90.8726,0.0760231,-0.997106
133.2,-43.6767,-90.9629,-0.185218,-0.982697
133.3,-43.6761,-91.0102,-0.301443,-0.953484
133.4,-43.6516,-91.045,-0.108597,-0.994086
133.5,-43.662,-91.0854,-0.41116,-0.911563
133.6,-43.655,-91.1561,-0.209465,-0.977816
133.7,-43.6339,-91.2086,-0.125331,-0.992115
133.8,-43.6331,-91.2142,-0.466585,-0.884477
133.9,-43.6685,-91.2246,-0.709016,-0.705192
134,-43.6546,-91.2277,-0.320468,-0.947259
134.1,-43.6671,-91.2658,-0.438841,-0.898565
134.2,-43.6554,-91.3209,-0.202805,-0.979219
134.3,-43.6548,-91.3425,-0.394132,-0.919054
134.4,-43.6051,-91.404,0.113024,-0.993592
134.5,-43.6186,-91.4433,-0.447541,-0.894263
134.6,-43.5993,-91.492,-0.153317,-0.988177
134.7,-43.6328,-91.5312,-0.577235,-0.816578
134.8,-43.6611,-91.5798,-0.512307,-0.858802
134.9,-43.6742,-91.6305,-0.408716,-0.912662
135,-43.726,-91.6686,-0.669466,-0.742843
135.1,-43.731,-91.6889,-0.459004,-0.888434
135.2,-43.7336,-91.7347,-0.345563,-0.938395
135.3,-43.7953,-91.7944,-0.635335,-0.772237
135.4,-43.8727,-91.8181,-0.80591,-0.592038
135.5,-43.9016,-91.8294,-0.673555,-0.739137
135.6,-43.9156,-91.8541,-0.508482,-0.861073
135.7,-43.8965,-91.9163,-0.137232,-0.990539
135.8,-43.9251,-92.0016,-0.407575,-0.913172
135.9,-43.9621,-92.0197,-0.685448,-0.728121
136,-43.9724,-91.991,-0.831174,-0.556013
136.1,-43.9338,-91.9726,0.0599426,-0.998202
136.2,-43.9399,-91.9767,-0.551119,-0.834427
136.3,-43.9162,-92.0168,-0.124294,-0.992245
136.4,-43.9301,-92.0241,-0.600902,-0.799322
136.5,-43.8944,-92.0369,-0.00895936,-0.99996
136.6,-43.8375,-92.095,0.170338,-0.985386
136.7,-43.7912,-92.1258,0.102504,-0.994733
136.8,-43.7309,-92.106,0.503686,-0.863887
136.9,-43.7326,-92.0955,-0.626588,-0.779351
137,-43.8092,-92.1363,-0.75209,-0.65906
137.1,-43.8361,-92.1723,-0.558035,-0.829817
137.2,-43.817,-92.2215,-0.16469,-0.986345
137.3,-43.8172,-92.2246,-0.517031,-0.855967
137.4,-43.8161,-92.2203,-0.552053,-0.833809
137.5,-43.8623,-92.2477,-0.694545,-0.719449
137.6,-43.845,-92.3122,-0.159774,-0.987154
137.7,-43.8998,-92.4204,-0.483197,-0.875512
137.8,-43.883,-92.5835,-0.093018,-0.995664
137.9,-43.9064,-92.7278,-0.290421,-0.956899
138,-43.8751,-92.7914,-0.0582396,-0.998303
138.1,-43.8857,-92.8276,-0.462598,-0.886568
138.2,-43.8766,-92.8845,-0.250116,-0.968216
138.3,-43.9367,-92.8904,-0.839969,-0.542635
138.4,-44.0068,-92.9453,-0.693688,-0.720275
138.5,-44.0616,-93.0488,-0.499656,-0.866224
138.6,-43.9853,-93.1179,0.283004,-0.959119
138.7,-43.9472,-93.1549,-0.0129499,-0.999916
138.8,-43.9077,-93.2461,0.000318872,-1
138.9,-43.8748,-93.2878,-0.0715677,-0.997436
139,-43.8491,-93.3789,-0.0975481,-0.995231
139.1,-43.8119,-93.4825,-0.0217484,-0.999763
139.2,-43.7934,-93.5853,-0.140572,-0.99007
139.3,-43.7252,-93.6823,0.171084,-0.985256
139.4,-43.7009,-93.8034,-0.0999955,-0.994988
139.5,-43.661,-93.8756,-0.0215496,-0.999768
139.6,-43.7172,-93.9215,-0.700621,-0.713533
139.7,-43.7834,-93.9075,-0.935652,-0.352923
139.8,-43.8016,-93.8793,-0.91213,-0.409901
139.9,-43.8578,-93.8837,-0.854093,-0.520121
140,-43.869,-93.8661,-0.813831,-0.581102
140.1,-43.9126,-93.9135,-0.638456,-0.769659
140.2,-44.0066,-94.0073,-0.672624,-0.739985
140.3,-44.132,-94.0615,-0.835288,-0.549813
140.4,-44.2414,-94.0638,-0.93222,-0.361893
140.5,-44.2623,-94.0808,-0.644347,-0.764733
140.6,-44.2845,-94.1911,-0.354548,-0.935038
140.7,-44.3467,-94.2477,-0.675284,-0.737558
140.8,-44.3903,-94.3026,-0.605913,-0.795531
140.9,-44.4338,-94.3347,-0.690219,-0.7236
141,-44.4645,-94.3781,-0.58384,-0.811869
141.1,-44.518,-94.3769,-0.86281,-0.505529
141.2,-44.5302,-94.4414,-0.400296,-0.916386
141.3,-44.4572,-94.4336,0.546307,-0.837585
141.4,-44.4433,-94.385,-0.960869,-0.277003
141.5,-44.3915,-94.3497,0.445313,-0.895375
141.6,-44.3525,-94.3417,-0.0492231,-0.998788
141.7,-44.3297,-94.3644,-0.230365,-0.973104
141.8,-44.2836,-94.3431,0.122006,-0.992529
141.9,-44.3033,-94.3423,-0.743808,-0.668393
142,-44.373,-94.3644,-0.818554,-0.574429
142.1,-44.4268,-94.4339,-0.603938,-0.797032
142.2,-44.4462,-94.4672,-0.561908,-0.827199
142.3,-44.4852,-94.5078,-0.639051,-0.769164
142.4,-44.4867,-94.4989,-0.67082,-0.74162
142.5,-44.4609,-94.5072,-0.235808,-0.9718
142.6,-44.4448,-94.5646,-0.21896,-0.975734
142.7,-44.5107,-94.6037,-0.74947,-0.662039
142.8,-44.5217,-94.6264,-0.555402,-0.831582
142.9,-44.4371,-94.579,0.979808,-0.199942
143,-44.3719,-94.5397,0.810952,-0.585112
143.1,-44.4138,-94.4432,-0.900128,0.435626
143.2,-44.4487,-94.3494,-0.898143,0.439703
143.3,-44.4015,-94.2997,-0.898143,0.439703
143.4,-44.3571,-94.2873,0.071792,-0.99742
143.5,-44.2798,-94.3266,0.351989,-0.936004
143.6,-44.2286,-94.4097,0.0668392,-0.997764
143.7,-44.121,-94.4912,0.429329,-0.903148
143.8,-43.9739,-94.5019,0.845106,-0.534599
143.9,-43.9415,-94.5359,-0.128271,-0.991739
144,-43.9601,-94.4866,-0.996739,-0.0806984
144.1,-44.0209,-94.3834,-0.90685,0.421454
144.2,-44.0244,-94.4689,-0.315928,-0.948783
144.3,-43.9473,-94.6577,0.136836,-0.990594
144.4,-43.896,-94.7664,0.0412576,-0.999149
144.5,-43.8891,-94.8507,-0.266888,-0.963728
144.6,-43.8406,-94.8762,0.0378199,-0.999285
144.7,-43.9152,-94.8558,-0.965289,-0.261183
144.8,-43.9955,-94.8582,-0.914514,-0.404554
144.9,-44.0317,-94.8473,-0.885205,-0.4652
145,-44.029,-94.9569,-0.249884,-0.968276
145.1,-44.0123,-95.0297,-0.220507,-0.975385
145.2,-43.8901,-95.0581,0.684883,-0.728653
145.3,-43.8705,-95.1138,-0.239284,-0.97095
145.4,-43.8846,-95.1743,-0.473478,-0.880806
145.5,-43.8963,-95.1732,-0.752754,-0.658302
145.6,-43.9094,-95.1266,-0.99569,-0.0927447
145.7,-43.9491,-95.1225,-0.872418,-0.48876
145.8,-44.0237,-95.1068,-0.956568,-0.291511
145.9,-44.0094,-95.0949,-0.609465,-0.792813
146,-43.8804,-95.1528,0.600399,-0.7997
146.1,-43.7991,-95.2692,0.201397,-0.97951
146.2,-43.9681,-95.398,-0.768311,-0.640077
146.3,-44.0372,-95.5268,-0.541598,-0.840638
146.4,-43.9771,-95.6509,0.0718735,-0.997414
146.5,-43.8369,-95.7487,0.526274,-0.850315
146.6,-43.7453,-95.8588,0.256934,-0.966429
146.7,-43.698,-95.9919,-0.0145531,-0.999894
146.8,-43.6197,-96.0386,0.27933,-0.960195
146.9,-43.5488,-96.0823,0.211233,-0.977436
147,-43.4985,-96.1539,-0.0109671,-0.99994
147.1,-43.4332,-96.1898,0.158005,-0.987438
147.2,-43.4092,-96.1706,-0.722306,-0.691574
147.3,-43.4705,-96.2215,-0.759885,-0.650057
147.4,-43.5582,-96.2805,-0.7993,-0.600932
147.5,-43.715,-96.3886,-0.804125,-0.59446
147.6,-43.813,-96.4695,-0.762214,-0.647325
147.7,-43.9561,-96.4857,-0.952039,-0.305978
147.8,-44.1084,-96.5458,-0.884906,-0.465769
147.9,-44.1925,-96.6525,-0.660224,-0.751069
148,-44.3319,-96.7179,-0.860773,-0.508989
148.1,-44.3884,-96.7882,-0.67427,-0.738484
148.2,-44.359,-96.8458,-0.203395,-0.979097
148.3,-44.3963,-96.8859,-0.713501,-0.700654
148.4,-44.4067,-96.9613,-0.452251,-0.891891
148.5,-44.394,-96.9406,-0.831949,-0.554852
148.6,-44.3759,-96.886,-0.97528,0.220974
148.7,-44.3869,-96.9299,-0.568026,-0.823011
148.8,-44.3299,-96.9894,0.0473633,-0.998878
148.9,-44.2965,-97.063,-0.15628,-0.987713
149,-44.1825,-97.108,0.557471,-0.830196
149.1,-44.0315,-97.1933,0.598626,-0.801028
149.2,-43.9593,-97.1853,0.441943,-0.897043
149.3,-43.9446,-97.1765,-0.754417,-0.656395
149.4,-44.0288,-97.3085,-0.620504,-0.784203
149.5,-44.2522,-97.3697,-0.936266,-0.351291
149.6,-44.2576,-97.3344,-0.989931,-0.141552
149.7,-44.2226,-97.3471,-0.321472,-0.946919
149.8,-44.2454,-97.3956,-0.641854,-0.766827
149.9,-44.3194,-97.4506,-0.793306,-0.608823
150,-44.3646,-97.5464,-0.581451,-0.813581
150.1,-44.3567,-97.6009,-0.433158,-0.901318
150.2,-44.3645,-97.6898,-0.430916,-0.902392
150.3,-44.2795,-97.7801,0.216063,-0.976379
150.4,-44.3225,-97.8636,-0.62223,-0.782834
150.5,-44.2904,-97.78,-0.499695,0.866201
150.6,-44.1518,-97.7472,0.994357,-0.106082
150.7,-43.9349,-97.6921,0.996275,0.0862297
150.8,-43.934,-97.8087,-0.336689,-0.941616
150.9,-44.0631,-97.948,-0.721796,-0.692106
151,-44.1353,-98.0405,-0.701854,-0.712321
151.1,-44.1039,-98.0474,-0.499788,-0.866148
151.2,-44.0755,-98.0962,-0.321203,-0.94701
151.3,-43.9968,-98.186,0.155895,-0.987774
151.4,-44.0304,-98.2091,-0.836595,-0.547823
151.5,-44.1238,-98.2117,-0.967021,-0.254697
151.6,-44.1601,-98.2732,-0.691461,-0.722414
151.7,-44.1273,-98.3686,-0.193249,-0.98115
151.8,-44.0424,-98.3758,0.498863,-0.866681
151.9,-44.0515,-98.3614,-0.952593,-0.304246
152,-44.2226,-98.4003,-0.95063,-0.310327
152.1,-44.2999,-98.4194,-0.92494,-0.380112
152.2,-44.355,-98.5649,-0.530601,-0.847622
152.3,-44.415,-98.7947,-0.410181,-0.912004
152.4,-44.4731,-98.9522,-0.525769,-0.850627
152.5,-44.5631,-98.9315,-0.996302,-0.0859247
152.6,-44.5295,-98.837,-0.415243,0.909711
152.7,-44.4436,-98.7852,0.833808,0.552054
152.8,-44.5168,-98.8316,-0.854276,-0.51982
152.9,-44.6666,-99.0385,-0.656156,-0.754625
153,-44.6416,-99.1204,-0.298453,-0.954424
153.1,-44.6401,-99.203,-0.46106,-0.887369
153.2,-44.6213,-99.2631,-0.423984,-0.90567
153.3,-44.6492,-99.266,-0.933397,-0.358845
153.4,-44.6819,-99.2822,-0.892587,-0.450874
153.5,-44.6285,-99.2232,-0.312403,0.94995
153.6,-44.5367,-99.0969,0.300628,0.953742
153.7,-44.5673,-99.0845,-0.976221,-0.216778
153.8,-44.5828,-99.2134,-0.430481,-0.9026
153.9,-44.6681,-99.2985,-0.783193,-0.621778
154,-44.7949,-99.3748,-0.868551,-0.4956
154.1,-44.7676,-99.3979,-0.542174,-0.840266
154.2,-44.7149,-99.3872,-0.435867,-0.900011
154.3,-44.7014,-99.373,-0.946455,-0.322837
154.4,-44.6724,-99.4802,-0.236264,-0.971689
154.5,-44.6753,-99.4559,-0.996486,-0.0837551
154.6,-44.6093,-99.2564,0.0168412,0.999858
154.7,-44.5201,-99.099,0.20846,0.978031
154.8,-44.5593,-99.0261,-0.929508,0.368802
154.9,-44.5261,-99.0012,-0.956024,-0.293288
155,-44.4689,-98.9261,-0.0984884,0.995138
155.1,-44.436,-98.7917,-0.271727,0.962374
155.2,-44.3028,-98.6986,0.780659,0.624957
155.3,-44.1111,-98.7782,0.752732,-0.658327
155.4,-44.2133,-98.6985,-0.962659,0.270715
155.5,-44.4905,-98.5963,-0.980584,0.196098
155.6,-44.4821,-98.3663,-0.256079,0.966656
155.7,-44.6995,-98.2739,-0.981412,0.191912
155.8,-44.7624,-98.3808,-0.632442,-0.774607
155.9,-44.6521,-98.555,0.239134,-0.970986
156,-44.6415,-98.6002,-0.502531,-0.864559
156.1,-44.7552,-98.532,-0.98462,0.174709
156.2,-44.7561,-98.4941,-0.999924,-0.012337
156.3,-44.6899,-98.4614,-0.999924,-0.012337
156.4,-44.4955,-98.6074,0.593125,-0.805111
156.5,-44.555,-98.6683,-0.773082,-0.634306
156.6,-44.4905,-98.7273,0.0501651,-0.998741
156.7,-44.3795,-98.7733,0.527842,-0.849342
156.8,-44.3993,-98.8785,-0.498243,-0.867037
156.9,-44.4681,-98.9828,-0.684794,-0.728736
157,-44.5268,-99.0307,-0.827578,-0.56135
157.1,-44.5622,-99.1129,-0.642616,-0.766189
157.2,-44.4395,-99.1289,0.780058,-0.625708
157.3,-44.2935,-99.1371,0.900954,-0.433914
157.4,-44.2614,-99.2514,-0.204694,-0.978826
157.5,-44.3004,-99.1778,-0.920595,0.390518
157.6,-44.4101,-99.1817,-0.97998,-0.199095
157.7,-44.3637,-99.1554,-0.952639,-0.304104
157.8,-44.2259,-99.1882,0.760414,-0.649439
157.9,-44.1762,-99.4067,-0.0530059,-0.998594
158,-44.1767,-99.4768,-0.547123,-0.837052
158.1,-44.0475,-99.4071,0.840522,0.541777
158.2,-43.9752,-99.4309,0.155549,-0.987828
158.3,-44.1162,-99.4152,-0.998375,-0.0569909
158.4,-44.3014,-99.329,-0.973965,0.226698
158.5,-44.2983,-99.3325,-0.8761,-0.48213
158.6,-44.3715,-99.3431,-0.959023,-0.283328
158.7,-44.4853,-99.323,-0.998496,-0.0548326
158.8,-44.6215,-99.3136,-0.994398,-0.1057
158.9,-44.7733,-99.2857,-0.999874,-0.0158611
159,-44.8028,-99.3227,-0.797649,-0.603122
159.1,-44.787,-99.2257,-0.580825,0.814028
159.2,-44.8373,-99.0801,-0.70545,0.70876
159.3,-44.7629,-99.0206,0.473915,0.88057
159.4,-44.725,-99.0646,-0.280012,-0.959997
159.5,-44.6962,-99.0796,-0.550883,-0.834583
159.6,-44.6473,-98.9768,-0.17699,0.984213
159.7,-44.6314,-99.0257,-0.475767,-0.879571
159.8,-44.6582,-99.039,-0.881169,-0.472801
159.9,-44.7096,-99.1089,-0.735459,-0.677569
160,-44.7251,-99.1206,-0.861317,-0.508069
160.1,-44.8625,-99.0278,-0.958266,0.285877
160.2,-44.9535,-98.8845,-0.813726,0.581248
160.3,-44.8232,-98.7533,0.599588,0.800309
160.4,-44.6862,-98.8234,0.586514,-0.809939
160.5,-44.7371,-98.8536,-0.859092,-0.511821
160.6,-44.7726,-98.755,-0.835763,0.54909
160.7,-44.6838,-98.6145,0.271771,0.962362
160.8,-44.6952,-98.5564,-0.960286,0.279019
160.9,-44.7324,-98.5968,-0.773812,-0.633416
161,-44.8534,-98.6672,-0.856474,-0.516191
161.1,-44.9581,-98.686,-0.944497,-0.32852
161.2,-45.0735,-98.7742,-0.808414,-0.588614
161.3,-45.181,-98.774,-0.974559,-0.224133
161.4,-45.087,-98.8145,0.411536,-0.911394
161.5,-45.0487,-98.8857,-0.183809,-0.982962
161.6,-45.1817,-98.9174,-0.941318,-0.337522
161.7,-45.2843,-98.8412,-0.972893,0.231258
161.8,-45.3484,-98.8747,-0.860472,-0.509498
161.9,-45.3148,-98.9489,-0.211567,-0.977363
162,-45.2828,-98.833,-0.324652,0.945833
162.1,-45.3484,-98.8841,-0.808312,-0.588754
162.2,-45.3944,-98.8999,-0.885192,-0.465225
162.3,-45.3216,-98.7638,0.150223,0.988652
162.4,-45.3079,-98.6957,-0.839709,0.543037
162.5,-45.3377,-98.7075,-0.857863,-0.513878
162.6,-45.3262,-98.7509,-0.479154,-0.877731
162.7,-45.1682,-98.7483,0.93727,-0.348604
162.8,-44.976,-98.6909,0.990744,0.135743
162.9,-44.9408,-98.5342,-0.193057,0.981188
163,-44.9609,-98.5962,-0.608426,-0.79361
163.1,-44.9878,-98.7481,-0.406311,-0.913735
163.2,-44.942,-98.8307,-0.106561,-0.994306
163.3,-44.9226,-98.852,-0.563718,-0.825967
163.4,-44.9801,-98.8596,-0.934593,-0.355719
163.5,-44.9591,-98.7552,-0.495594,0.868554
163.6,-44.8545,-98.7076,0.978249,0.207432
163.7,-44.8135,-98.7807,-0.159732,-0.98716
163.8,-44.7799,-98.5822,-0.158062,0.987429
163.9,-44.8364,-98.4891,-0.90301,0.429619
164,-44.789,-98.4744,-0.392025,-0.919955
164.1,-44.856,-98.4916,-0.911145,-0.412086
164.2,-44.8733,-98.4773,-0.948263,-0.317486
164.3,-44.901,-98.416,-0.969188,0.246321
164.4,-44.97,-98.3972,-0.985891,-0.167389
164.5,-45.0255,-98.3976,-0.938842,-0.344349
164.6,-44.912,-98.3806,0.92071,-0.390247
164.7,-44.8339,-98.3615,0.700566,-0.713587
164.8,-44.7017,-98.5749,0.283553,-0.958957
164.9,-44.6777,-98.5534,-0.903754,-0.428053
165,-44.723,-98.5298,-0.990486,-0.137611
165.1,-44.9071,-98.6107,-0.897307,-0.441407
165.2,-44.9839,-98.6698,-0.809757,-0.586766
165.3,-44.9678,-98.7023,-0.510296,-0.859999
165.4,-45.1048,-98.7987,-0.823358,-0.567522
165.5,-45.0894,-98.9007,-0.293799,-0.955867
165.6,-44.9499,-98.8732,0.992542,-0.121904
165.7,-44.8226,-98.7666,0.696996,0.717075
165.8,-44.7408,-98.6033,0.174552,0.984648
165.9,-44.7552,-98.5775,-0.986341,-0.164719
166,-44.7328,-98.6396,-0.339205,-0.940713
166.1,-44.6819,-98.566,-0.222566,0.974918
166.2,-44.7097,-98.3612,-0.460398,0.887713
166.3,-44.6976,-98.2841,-0.773114,0.634267
166.4,-44.7251,-98.3198,-0.745075,-0.666981
166.5,-44.6487,-98.2274,0.3405,0.940245
166.6,-44.7239,-98.1714,-0.993089,0.117363
166.7,-44.8186,-98.1692,-0.968475,-0.249111
166.8,-44.8014,-98.229,-0.359699,-0.933069
166.9,-44.7869,-98.2068,-0.91252,-0.409031
167,-44.8739,-98.1153,-0.943759,0.330635
167.1,-44.8509,-97.9877,-0.358577,0.9335
167.2,-44.8876,-97.9396,-0.998523,0.0543321
167.3,-44.8577,-97.8017,-0.255058,0.966926
167.4,-44.9036,-97.699,-0.863804,0.503828
167.5,-44.97,-97.7761,-0.700151,-0.713995
167.6,-44.9999,-97.8927,-0.458895,-0.888491
167.7,-44.9934,-97.8652,-0.942247,-0.334918
167.8,-44.9747,-97.8268,-0.984849,-0.173414
167.9,-44.9812,-97.8479,-0.67605,-0.736856
168,-44.9673,-97.8403,-0.734231,-0.678899
168.1,-45.0779,-97.9382,-0.755894,-0.654695
168.2,-45.1822,-98.0562,-0.697608,-0.71648
168.3,-45.2595,-98.2374,-0.503433,-0.864034
168.4,-45.307,-98.2392,-0.914516,-0.40455
168.5,-45.3294,-98.3125,-0.54951,-0.835487
168.6,-45.3152,-98.4034,-0.290577,-0.956852
168.7,-45.4546,-98.4613,-0.888742,-0.458407
168.8,-45.4998,-98.4099,-0.996554,0.0829518
168.9,-45.6642,-98.41,-0.980664,-0.195697
169,-45.7132,-98.3374,-0.964838,0.262845
169.1,-45.5551,-98.4064,0.675353,-0.737494
169.2,-45.4316,-98.4138,0.80212,-0.597162
169.3,-45.466,-98.3709,-0.999992,-0.0039992
169.4,-45.539,-98.4315,-0.774393,-0.632705
169.5,-45.4983,-98.5229,-0.10244,-0.994739
169.6,-45.4773,-98.5938,-0.289688,-0.957121
169.7,-45.5011,-98.598,-0.864289,-0.502995
169.8,-45.5661,-98.5221,-0.963351,0.268243
169.9,-45.6122,-98.5236,-0.914626,-0.4043
170,-45.7918,-98.5704,-0.933269,-0.359178
170.1,-45.872,-98.5864,-0.912692,-0.408648
170.2,-45.8671,-98.5837,-0.760525,-0.649309
170.3,-45.9504,-98.5656,-0.981833,-0.189748
170.4,-46.0391,-98.5184,-0.999913,0.0132097
170.5,-46.0818,-98.5552,-0.753863,-0.657032
170.6,-46.0799,-98.4285,-0.533035,0.846093
170.7,-46.1376,-98.4575,-0.820693,-0.571369
170.8,-46.2701,-98.358,-0.962082,0.272761
170.9,-46.2917,-98.4074,-0.589257,-0.807946
171,-46.2687,-98.2009,-0.170299,0.985392
171.1,-46.3824,-98.0702,-0.895705,0.444648
171.2,-46.3766,-98.0136,-0.992629,0.121196
171.3,-46.2407,-97.9401,0.971399,0.237452
171.4,-46.208,-97.8311,-0.250873,0.96802
171.5,-46.4125,-97.7719,-0.999565,0.0294999
171.6,-46.5017,-97.8005,-0.853882,-0.520466
171.7,-46.5458,-97.9322,-0.432464,-0.901651
171.8,-46.641,-98.0044,-0.745748,-0.666229
171.9,-46.6918,-98.004,-0.874192,-0.485581
172,-46.6934,-98.0076,-0.627053,-0.778977
172.1,-46.8959,-98.0806,-0.889446,-0.45704
172.2,-46.9444,-98.139,-0.630697,-0.776029
172.3,-46.8657,-98.1776,0.353303,-0.935509
172.4,-46.8408,-98.1145,-0.910158,0.414262
172.5,-46.7084,-98.0717,0.991634,-0.129083
172.6,-46.632,-98.1007,0.355021,-0.934858
172.7,-46.6396,-98.1191,-0.597827,-0.801625
172.8,-46.6913,-98.0526,-0.990404,0.138202
172.9,-46.6829,-98.0694,-0.460928,-0.887438
173,-46.7257,-98.0653,-0.871612,-0.490197
173.1,-46.8102,-98.0264,-0.99339,-0.114787
173.2,-46.8393,-98.0392,-0.734445,-0.678668
173.3,-46.8905,-98.1565,-0.482886,-0.875683
173.4,-46.9738,-98.1608,-0.908113,-0.418725
173.5,-47.0429,-98.174,-0.855038,-0.518565
173.6,-47.0929,-98.3101,-0.436159,-0.89987
173.7,-47.07,-98.4136,-0.127642,-0.99182
173.8,-47.1392,-98.3156,-0.93293,0.360057
173.9,-47.2287,-98.2708,-0.99685,-0.0793109
174,-47.3901,-98.2158,-0.999983,-0.00586845
174.1,-47.4432,-98.0385,-0.612841,0.790206
174.2,-47.4017,-98.097,0.0306119,-0.999531
174.3,-47.4776,-98.3159,-0.382543,-0.923938
174.4,-47.4499,-98.4893,-0.0508527,-0.998706
174.5,-47.403,-98.5906,0.0361913,-0.999345
174.6,-47.3372,-98.5609,0.668795,-0.743447
174.7,-47.2532,-98.5106,0.992479,-0.122412
174.8,-47.3022,-98.4793,-0.968743,-0.248067
174.9,-47.3395,-98.5802,-0.454498,-0.890748
175,-47.4962,-98.6423,-0.862105,-0.50673
175.1,-47.6722,-98.7305,-0.833743,-0.552153
175.2,-47.7171,-98.8467,-0.442232,-0.896901
175.3,-47.7297,-98.954,-0.311032,-0.9504
175.4,-47.5455,-99.0672,0.643401,-0.765529
175.5,-47.5339,-99.1325,-0.269979,-0.962866
175.6,-47.6883,-99.2197,-0.818659,-0.57428
175.7,-47.7751,-99.3277,-0.63079,-0.775954
175.8,-47.8127,-99.4281,-0.471377,-0.881932
175.9,-47.8703,-99.3742,-0.999989,0.00476888
176,-47.8508,-99.3895,-0.333214,-0.942851
176.1,-48.1085,-99.4243,-0.959331,-0.282285
176.2,-48.2179,-99.3686,-0.999989,-0.00470768
176.3,-48.276,-99.3777,-0.823591,-0.567184
176.4,-48.4203,-99.4275,-0.860322,-0.50975
176.5,-48.4126,-99.4121,-0.547876,-0.83656
176.6,-48.3898,-99.3594,-0.894135,-0.447797
176.7,-48.3451,-99.3326,0.244048,-0.969763
176.8,-48.2988,-99.3785,0.0892108,-0.996013
176.9,-48.384,-99.3977,-0.845268,-0.534343
177,-48.3667,-99.446,-0.179689,-0.983723
177.1,-48.3789,-99.5131,-0.367943,-0.929848
177.2,-48.4305,-99.5976,-0.531494,-0.847062
177.3,-48.4656,-99.6668,-0.497898,-0.867236
177.4,-48.3983,-99.6328,0.763452,-0.645865
177.5,-48.3873,-99.6204,-0.525731,-0.850651
177.6,-48.4648,-99.7026,-0.640479,-0.767975
177.7,-48.5362,-99.8791,-0.425427,-0.904993
177.8,-48.5807,-99.9304,-0.611567,-0.791193
177.9,-48.5627,-99.7184,-0.139071,0.990282
178,-48.3865,-99.7639,0.798696,-0.601735
178.1,-48.2543,-99.8243,0.614213,-0.789141
178.2,-48.2822,-99.9003,-0.481085,-0.876674
178.3,-48.2881,-100.077,-0.212304,-0.977204
178.4,-48.166,-100.205,0.387758,-0.921761
178.5,-48.0944,-100.283,0.16699,-0.985959
178.6,-48.1284,-100.429,-0.407106,-0.913381
178.7,-48.1108,-100.406,-0.847749,-0.530397
178.8,-48.1418,-100.285,-0.745618,0.666374
178.9,-48.1208,-100.37,-0.225301,-0.974289
179,-48.2953,-100.483,-0.818869,-0.573981
179.1,-48.3721,-100.452,-0.992905,-0.118912
179.2,-48.3831,-100.416,-0.980575,-0.196147
179.3,-48.3469,-100.351,-0.647574,0.762003
179.4,-48.3365,-100.344,-0.67647,-0.736471
179.5,-48.3443,-100.406,-0.459723,-0.888063
179.6,-48.3655,-100.31,-0.838392,0.545068
179.7,-48.5103,-100.286,-0.990955,-0.134192
179.8,-48.5669,-100.3,-0.838293,-0.54522
179.9,-48.5414,-100.4,-0.126934,-0.991911
180,-48.582,-100.32,-0.951887,0.306451
180.1,-48.5375,-100.3,-0.0207228,-0.999785
180.2,-48.4093,-100.492,0.318976,-0.947763
180.3,-48.4651,-100.537,-0.752044,-0.659113
180.4,-48.4857,-100.633,-0.444813,-0.895624
180.5,-48.5387,-100.829,-0.395914,-0.918288
180.6,-48.4889,-100.912,-0.0381389,-0.999272
180.7,-48.3748,-100.953,0.569927,-0.821695
180.8,-48.3947,-101.037,-0.54476,-0.838592
180.9,-48.605,-101.159,-0.863316,-0.504663
181,-48.7155,-101.117,-0.999511,0.0312805
181.1,-48.7621,-101.105,-0.966715,-0.255857
181.2,-48.6753,-101.184,0.242751,-0.970089
181.3,-48.5612,-101.257,0.444912,-0.895574
181.4,-48.4995,-101.361,-0.00361763,-0.999994
181.5,-48.5951,-101.526,-0.638526,-0.769601
181.6,-48.6745,-101.684,-0.630371,-0.776294
181.7,-48.8088,-101.841,-0.758193,-0.65203
181.8,-48.8089,-101.982,-0.421444,-0.906854
181.9,-48.6617,-102.059,0.70316,-0.711032
182,-48.5141,-102.097,0.91227,-0.40959
182.1,-48.6011,-102.055,-0.959252,0.282552
182.2,-48.6106,-102.014,-0.874768,0.484542
182.3,-48.5158,-102.06,0.475192,-0.879882
182.4,-48.38,-102.198,0.438397,-0.898781
182.5,-48.3009,-102.319,0.0862991,-0.996269
182.6,-48.1914,-102.155,0.223803,0.974634
182.7,-48.1257,-102.001,-0.0250133,0.999687
182.8,-48.0398,-101.938,0.243247,0.969964
182.9,-48.0155,-101.89,-0.711307,0.702882
183,-47.9621,-101.997,-0.146741,-0.989175
183.1,-47.8849,-102.07,0.0978364,-0.995203
183.2,-47.8187,-102.02,-0.0723207,0.997381
183.3,-47.668,-102.022,0.999802,-0.0198779
183.4,-47.5833,-102.007,0.679403,0.733765
183.5,-47.5001,-102.03,0.510717,-0.859749
183.6,-47.5634,-102.086,-0.923353,-0.383952
183.7,-47.4844,-102.128,0.222044,-0.975037
183.8,-47.4534,-102.133,-0.999735,-0.022998
183.9,-47.4459,-102.188,-0.769608,-0.638517
184,-47.3715,-102.388,0.0235018,-0.999724
184.1,-47.2667,-102.389,0.970671,0.24041
184.2,-47.185,-102.271,0.0970367,0.995281
184.3,-47.3082,-102.151,-0.836271,0.548316
184.4,-47.3715,-102.22,-0.899418,-0.43709
184.5,-47.2781,-102.353,0.184181,-0.982892
184.6,-47.2077,-102.345,0.0555289,0.998457
184.7,-47.1703,-102.322,-0.71289,0.701276
184.8,-47.055,-102.255,0.517078,0.855938
184.9,-47.0507,-102.258,-0.999074,0.0430368
185,-47.0356,-102.293,-0.879286,-0.476293
185.1,-46.9466,-102.414,0.168863,-0.98564
185.2,-46.8919,-102.642,-0.0666719,-0.997775
185.3,-46.8783,-102.691,-0.847472,-0.53084
185.4,-46.9792,-102.701,-0.999581,0.0289426
185.5,-46.9712,-102.713,-0.997451,0.0713472
185.6,-46.8966,-102.709,0.304402,0.952544
185.7,-46.862,-102.737,-0.937403,-0.348247
185.8,-46.8253,-102.74,-0.924079,0.382202
185.9,-46.8506,-102.84,-0.74342,-0.668824
186,-46.8736,-102.818,-0.914198,0.405267
186.1,-46.7388,-102.785,0.800005,0.599994
186.2,-46.5481,-102.843,0.947368,-0.320146
186.3,-46.5724,-102.865,-0.998232,-0.0594316
186.4,-46.7476,-103.005,-0.892661,-0.450728
186.5,-46.8384,-103.122,-0.854302,-0.519776
186.6,-46.7065,-103.373,0.277936,-0.960599
186.7,-46.6886,-103.357,-0.735239,0.677808
186.8,-46.7724,-103.372,-0.996927,0.0783344
186.9,-46.8021,-103.41,-0.993463,-0.114159
187,-46.7085,-103.435,0.995132,0.0985501
187.1,-46.621,-103.387,0.293236,0.95604
187.2,-46.624,-103.342,-0.687439,0.726242
187.3,-46.6507,-103.436,-0.800868,-0.598841
187.4,-46.648,-103.559,-0.54206,-0.84034
187.5,-46.5692,-103.511,0.193498,0.981101
187.6,-46.5925,-103.402,-0.536917,0.843635
187.7,-46.5841,-103.394,-0.849451,0.527668
187.8,-46.6251,-103.456,-0.947753,-0.319005
187.9,-46.5927,-103.539,-0.495015,-0.868884
188,-46.5617,-103.601,-0.707614,-0.706599
188.1,-46.5116,-103.596,-0.366018,0.930608
188.2,-46.4773,-103.553,-0.375762,0.926716
188.3,-46.4915,-103.719,-0.496453,-0.868064
188.4,-46.6047,-103.725,-0.990617,0.13667
188.5,-46.6547,-103.684,-0.840116,0.542407
188.6,-46.5843,-103.637,0.0989528,0.995092
188.7,-46.505,-103.475,0.0842579,0.996444
188.8,-46.4622,-103.472,-0.579538,0.814945
188.9,-46.4902,-103.534,-0.933415,-0.358798
189,-46.4751,-103.548,-0.961955,0.273209
189.1,-46.5151,-103.473,-0.709424,0.704782
189.2,-46.5388,-103.345,-0.493298,0.86986
189.3,-46.6291,-103.296,-0.90278,0.430103
189.4,-46.6551,-103.337,-0.984664,-0.174464
189.5,-46.6086,-103.443,-0.226035,-0.974119
189.6,-46.4566,-103.558,0.706128,-0.708085
189.7,-46.437,-103.609,-0.890058,-0.455846
189.8,-46.457,-103.559,-0.727214,0.686411
189.9,-46.3981,-103.559,-0.180398,0.983594
190,-46.3378,-103.475,-0.0355535,0.999368
190.1,-46.35,-103.385,-0.551245,0.834344
190.2,-46.242,-103.322,0.435972,0.89996
190.3,-46.1455,-103.208,0.216858,0.976203
190.4,-46.0961,-103.136,-0.183589,0.983003
190.5,-46.0599,-103.162,-0.974747,-0.223312
190.6,-46.0783,-103.234,-0.854088,-0.520128
190.7,-46.1427,-103.291,-0.964288,-0.264857
190.8,-46.1536,-103.407,-0.637574,-0.770389
190.9,-46.0452,-103.55,0.337819,-0.941211
191,-46.0573,-103.589,-0.985119,-0.171874
191.1,-46.0668,-103.646,-0.924436,-0.381337
191.2,-46.0135,-103.775,-0.109347,-0.994004
191.3,-45.9951,-103.906,-0.408237,-0.912876
191.4,-46.0215,-103.999,-0.816639,-0.577148
191.5,-45.9924,-103.96,-0.430501,0.90259
191.6,-46.0593,-103.946,-0.943398,0.331662
191.7,-45.961,-103.981,0.992926,-0.118733
191.8,-45.8843,-103.89,0.113281,0.993563
191.9,-45.8451,-103.926,-0.966497,-0.256678
192,-45.8974,-104.114,-0.589552,-0.80773
192.1,-45.8991,-104.235,-0.582124,-0.8131
192.2,-45.7965,-104.267,0.99905,0.0435791
192.3,-45.8538,-104.231,-0.864537,0.50257
192.4,-45.8659,-104.264,-0.999999,-0.00136285
192.5,-45.871,-104.407,-0.51999,-0.854173
192.6,-45.9527,-104.436,-0.998895,0.0470048
192.7,-45.9978,-104.389,-0.784836,0.619703
192.8,-45.9806,-104.406,-0.915536,0.402236
192.9,-45.9854,-104.381,-0.729719,0.683747
193,-46.0441,-104.457,-0.946519,-0.322647
193.1,-46.0862,-104.586,-0.742204,-0.670174
193.2,-46.0523,-104.7,-0.306612,-0.951834
193.3,-46.0354,-104.724,-0.931351,0.364123
193.4,-46.0115,-104.765,-0.998725,-0.0504815
193.5,-46.1067,-104.804,-0.999991,0.00431136
193.6,-46.2483,-104.756,-0.911717,0.410818
193.7,-46.3216,-104.807,-0.997037,-0.0769197
193.8,-46.3384,-104.858,-0.993323,-0.115364
193.9,-46.3348,-104.844,-0.668232,0.743953
194,-46.3762,-104.851,-0.939088,0.343676
194.1,-46.3897,-104.874,-0.958257,0.28591
194.2,-46.2612,-104.993,0.702415,-0.711767
194.3,-46.1901,-105.06,0.578592,-0.815617
194.4,-46.1841,-105.051,-0.680934,0.732345
194.5,-46.2936,-104.926,-0.69722,0.716858
194.6,-46.4643,-104.914,-0.971388,0.237499
194.7,-46.6561,-105.021,-0.969226,-0.246171
194.8,-46.702,-105.001,-0.825026,0.565095
194.9,-46.6262,-104.963,0.272205,0.962239
195,-46.7061,-105.011,-0.999892,-0.0146811
195.1,-46.8565,-105.024,-0.986157,0.165815
195.2,-46.886,-104.933,-0.495326,0.868707
195.3,-46.8755,-104.862,-0.322836,0.946455
195.4,-46.8615,-104.943,-0.740133,-0.672461
195.5,-46.8522,-105.082,-0.416506,-0.909133
195.6,-46.831,-105.123,-0.960375,0.278712
195.7,-46.935,-105.144,-0.9842,0.177061
195.8,-46.9926,-105.318,-0.653173,-0.757208
195.9,-47.1063,-105.369,-0.999995,0.00315619
196,-47.1678,-105.239,-0.503074,0.864244
196.1,-47.1751,-105.22,-0.600937,0.799296
196.2,-47.2237,-105.23,-0.909761,0.415132
196.3,-47.276,-105.126,-0.530984,0.847382
196.4,-47.2736,-104.947,-0.185032,0.982733
196.5,-47.3232,-104.885,-0.650309,0.75967
196.6,-47.2716,-104.979,0.0940311,-0.995569
196.7,-47.2969,-104.96,-0.713091,0.701071
196.8,-47.338,-104.94,-0.779778,0.626056
196.9,-47.318,-105.007,-0.876038,-0.482242
197,-47.3226,-105.152,-0.482612,-0.875835
197.1,-47.2823,-105.205,-0.482612,-0.875835
197.2,-47.3426,-105.16,-0.731664,0.681665
197.3,-47.4223,-105.164,-0.930036,0.367468
197.4,-47.4388,-105.148,-0.650791,0.759257
197.5,-47.412,-105.113,-0.191834,0.981427
197.6,-47.4057,-105.006,-0.232454,0.972607
197.7,-47.3891,-105.063,-0.990041,-0.140781
197.8,-47.3368,-105.038,0.0877648,0.996141
197.9,-47.3433,-105.116,-0.903259,-0.429097
198,-47.3545,-105.076,-0.521171,0.853452
198.1,-47.2373,-104.967,0.403886,0.91481
198.2,-47.1653,-104.918,0.236393,0.971657
198.3,-47.1556,-104.926,-0.673193,0.739467
198.4,-47.229,-105.026,-0.926101,-0.377276
198.5,-47.3352,-104.942,-0.750634,0.660718
198.6,-47.3926,-104.98,-0.991512,0.130012
198.7,-47.4701,-105.13,-0.78747,-0.616353
198.8,-47.5017,-105.259,-0.710092,-0.704109
198.9,-47.5001,-105.315,-0.999857,-0.0169117
199,-47.4635,-105.239,-0.0420645,0.999115
199.1,-47.4168,-105.154,0.0251595,0.999683
199.2,-47.4109,-105.254,-0.639501,-0.76879
199.3,-47.4738,-105.399,-0.762634,-0.646831
199.4,-47.5228,-105.359,-0.683625,0.729834
199.5,-47.5674,-105.309,-0.63113,0.775677
199.6,-47.6371,-105.22,-0.606391,0.795167
199.7,-47.5871,-105.172,0.0816703,0.996659
199.8,-47.5165,-105.148,0.336809,0.941573
199.9,-47.4225,-105.095,0.422964,0.906147
200,-47.3291,-104.97,0.262137,0.965031
200.1,-47.3103,-104.857,-0.167076,0.985944
200.2,-47.4182,-104.794,-0.807707,0.589584
200.3,-47.4236,-104.715,-0.37685,0.926274
200.4,-47.3614,-104.663,0.135192,0.990819
200.5,-47.3822,-104.737,-0.944433,-0.328703
200.6,-47.3884,-104.83,-0.784653,-0.619935
200.7,-47.4239,-104.881,-0.999967,0.00808757
200.8,-47.5746,-104.866,-0.946164,0.323688
200.9,-47.6,-104.883,-0.888046,0.459755
201,-47.5434,-104.831,0.11135,0.993781
201.1,-47.4759,-104.831,0.374896,0.927067
201.2,-47.5208,-104.914,-0.946714,-0.322076
201.3,-47.5933,-104.78,-0.532016,0.846734
201.4,-47.606,-104.695,-0.39106,0.920365
201.5,-47.5007,-104.627,0.440477,0.897764
201.6,-47.5028,-104.542,-0.345904,0.93827
201.7,-47.4967,-104.565,-0.85072,0.525618
201.8,-47.4739,-104.61,-0.983678,0.17994
201.9,-47.4117,-104.588,0.182984,0.983116
202,-47.3624,-104.392,-0.000640712,1
202.1,-47.3474,-104.271,-0.21436,0.976755
202.2,-47.4046,-104.209,-0.717936,0.696109
202.3,-47.432,-104.077,-0.413637,0.910442
202.4,-47.3635,-104.094,0.455905,0.890028
202.5,-47.193,-104.095,0.939913,0.341414
202.6,-47.0798,-104.024,0.452255,0.891889
202.7,-47.1762,-104.021,-0.963268,0.268542
202.8,-47.369,-104.004,-0.974275,0.225365
202.9,-47.3829,-103.923,-0.489409,0.872055
203,-47.2905,-103.86,0.326012,0.945365
203.1,-47.1763,-103.918,0.949602,-0.313458
203.2,-47.2445,-103.844,-0.743307,0.668951
203.3,-47.1683,-103.793,0.196395,0.980525
203.4,-47.0361,-103.801,0.927782,0.373124
203.5,-46.9688,-103.927,0.0822532,-0.996611
203.6,-46.964,-103.976,-0.980412,-0.196958
203.7,-46.9225,-104.004,-0.869141,0.494564
203.8,-46.9952,-103.973,-0.884177,0.467153
203.9,-47.0184,-103.996,-0.982324,0.187189
204,-46.9181,-104.102,0.531537,-0.847035
204.1,-46.947,-104.224,-0.722166,-0.69172
204.2,-47.0229,-104.328,-0.90436,-0.426771
204.3,-47.1029,-104.437,-0.898658,-0.438649
204.4,-47.1838,-104.423,-0.91576,0.401725
204.5,-47.1358,-104.418,-0.098519,0.995135
204.6,-47.1707,-104.379,-0.725927,0.687772
204.7,-47.1978,-104.246,-0.413762,0.910385
204.8,-47.2017,-104.211,-0.592854,0.80531
204.9,-47.2025,-104.325,-0.61662,-0.787261
205,-47.158,-104.307,-0.146978,0.98914
205.1,-47.0785,-104.261,0.267149,0.963655
205.2,-47.0739,-104.286,-0.942428,0.33441
205.3,-47.1953,-104.288,-0.974454,0.224587
205.4,-47.2439,-104.131,-0.454782,0.890603
205.5,-47.3452,-104.044,-0.769583,0.638547
205.6,-47.4165,-104.071,-0.992521,0.122077
205.7,-47.4478,-104.124,-0.993955,-0.109788
205.8,-47.5409,-104.131,-0.969161,0.246429
205.9,-47.6246,-104.027,-0.673586,0.739109
206,-47.5811,-103.98,-0.104241,0.994552
206.1,-47.6158,-103.9,-0.581043,0.813873
206.2,-47.6631,-103.84,-0.699752,0.714386
206.3,-47.553,-103.851,0.867972,0.496614
206.4,-47.5444,-103.938,-0.726497,-0.68717
206.5,-47.6055,-103.947,-0.958759,0.284222
206.6,-47.5983,-103.98,-0.971315,0.237795
206.7,-47.497,-104.005,0.928357,0.371689
206.8,-47.5774,-103.93,-0.749637,0.661849
206.9,-47.5778,-103.79,-0.287861,0.957672
207,-47.5939,-103.79,-0.864862,0.502009
207.1,-47.5653,-103.755,-0.336987,0.941509
207.2,-47.5733,-103.613,-0.335033,0.942206
207.3,-47.4162,-103.465,0.466693,0.88442
207.4,-47.313,-103.432,0.532772,0.846259
207.5,-47.3615,-103.471,-0.99846,-0.0554839
207.6,-47.3375,-103.443,-0.514118,0.85772
207.7,-47.2687,-103.405,0.101447,0.994841
207.8,-47.2888,-103.317,-0.564803,0.825226
207.9,-47.3072,-103.269,-0.717386,0.696676
208,-47.2564,-103.208,-0.138443,0.99037
208.1,-47.2609,-103.155,-0.644921,0.764249
208.2,-47.3506,-103.191,-0.998586,-0.0531668
208.3,-47.4255,-103.311,-0.835174,-0.549986
208.4,-47.4867,-103.432,-0.809464,-0.587169
208.5,-47.5784,-103.486,-0.992343,-0.123509
208.6,-47.5179,-103.418,0.00721057,0.999974
208.7,-47.3433,-103.333,0.68992,0.723885
208.8,-47.2421,-103.382,0.909156,-0.416456
208.9,-47.1927,-103.331,-0.157444,0.987528
209,-47.2853,-103.269,-0.861384,0.507954
209.1,-47.3114,-103.084,-0.385723,0.922615
209.2,-47.3601,-102.959,-0.60008,0.79994
209.3,-47.3986,-102.881,-0.716419,0.69767
209.4,-47.3427,-102.707,-0.0531355,0.998587
209.5,-47.34,-102.585,-0.419264,0.907864
209.6,-47.2665,-102.577,0.217408,0.976081
209.7,-47.2844,-102.597,-0.998011,-0.0630389
209.8,-47.3589,-102.633,-0.988689,-0.149978
209.9,-47.4009,-102.705,-0.89357,-0.448924
210,-47.4436,-102.672,-0.905974,0.423334
210.1,-47.4711,-102.765,-0.785258,-0.619168
210.2,-47.3876,-102.831,0.341652,-0.939827
210.3,-47.3675,-102.904,-0.666727,-0.745302
210.4,-47.3797,-102.886,-0.889234,0.457452
210.5,-47.2839,-102.943,0.65383,-0.756641
210.6,-47.1421,-103.105,0.478034,-0.878342
210.7,-47.2003,-102.974,-0.62092,0.783874
210.8,-47.4004,-102.97,-0.995024,0.0996365
210.9,-47.4766,-102.984,-0.997101,0.0760959
211,-47.4632,-103.018,-0.98634,-0.164722
211.1,-47.4176,-102.99,-0.335848,0.941916
211.2,-47.3779,-102.905,-0.227612,0.973752
211.3,-47.4869,-102.84,-0.894116,0.447835
211.4,-47.558,-102.87,-0.998471,-0.055285
211.5,-47.6773,-102.814,-0.917617,0.397466
211.6,-47.7472,-102.808,-0.977798,0.209549
211.7,-47.8356,-102.752,-0.889221,0.457478
211.8,-47.8836,-102.675,-0.753528,0.657415
211.9,-48.0127,-102.586,-0.871272,0.4908
212,-48.0717,-102.6,-0.998981,0.0451324
212.1,-48.1981,-102.662,-0.978838,-0.204638
212.2,-48.1889,-102.621,-0.66043,0.750888
212.3,-48.0271,-102.683,0.924834,-0.38037
212.4,-48.0075,-102.523,-0.245127,0.969491
212.5,-47.9939,-102.384,-0.327814,0.944742
212.6,-48.0715,-102.465,-0.907642,-0.419745
212.7,-48.1025,-102.57,-0.745985,-0.665962
212.8,-48.1175,-102.573,-0.978454,0.206464
212.9,-48.0635,-102.576,-0.611455,0.791279
213,-48.132,-102.558,-0.96166,0.274243
213.1,-48.021,-102.649,0.52523,-0.85096
213.2,-47.9478,-102.704,0.195246,-0.980754
213.3,-47.9278,-102.623,-0.407254,0.913315
213.4,-48.0166,-102.544,-0.844042,0.536278
213.5,-48.0484,-102.536,-0.964625,0.263624
213.6,-47.9664,-102.603,0.286312,-0.958136
213.7,-47.8451,-102.577,0.767223,0.64138
213.8,-47.847,-102.406,-0.344992,0.938606
213.9,-47.9619,-102.217,-0.671948,0.740598
214,-47.9948,-102.191,-0.950343,0.311205
214.1,-47.9912,-102.395,-0.317268,-0.948336
214.2,-48.0031,-102.433,-0.956428,-0.29197
214.3,-48.0192,-102.398,-0.861304,0.50809
214.4,-47.9464,-102.536,0.0338704,-0.999426
214.5,-47.9928,-102.572,-0.988052,-0.154118
214.6,-48.1859,-102.55,-0.987976,0.154605
214.7,-48.3433,-102.666,-0.920542,-0.390642
214.8,-48.4825,-102.794,-0.894857,-0.446353
214.9,-48.4957,-102.794,-0.919909,0.392133
215,-48.4678,-102.787,-0.645955,0.763375
215.1,-48.4695,-102.779,-0.852066,0.523434
215.2,-48.4215,-102.794,-0.644192,0.764864
215.3,-48.4741,-102.729,-0.767512,0.641035
215.4,-48.6321,-102.799,-0.984557,-0.175065
215.5,-48.6791,-102.901,-0.850592,-0.525827
215.6,-48.8147,-102.871,-0.941423,0.337228
215.7,-48.9163,-102.896,-0.994819,0.101666
215.8,-48.9707,-102.887,-0.897093,0.441841
215.9,-49.0044,-102.836,-0.666965,0.745089
216,-49.0481,-102.89,-0.996148,-0.0876849
216.1,-49.1947,-102.929,-0.999183,0.0404103
216.2,-49.3673,-102.808,-0.782394,0.622783
216.3,-49.4769,-102.818,-0.95795,0.286936
216.4,-49.5326,-102.848,-0.955488,0.295031
216.5,-49.5459,-102.736,-0.261478,0.96521
216.6,-49.7214,-102.578,-0.699214,0.714912
216.7,-49.841,-102.555,-0.86625,0.49961
216.8,-49.98,-102.582,-0.97026,0.242065
216.9,-50.1063,-102.635,-0.990955,0.134196
217,-50.1799,-102.573,-0.427009,0.904247
217.1,-50.1562,-102.406,0.188217,0.982128
217.2,-50.1415,-102.249,0.175907,0.984407
