0.1,7.47937,50.4775,-0.718626,-0.695396
0.2,7.44585,50.4387,-0.703097,-0.711094
0.3,7.40309,50.3876,-0.691599,-0.722282
0.4,7.35357,50.3269,-0.683502,-0.729949
0.5,7.29901,50.2589,-0.677274,-0.735731
0.6,7.24149,50.1847,-0.667957,-0.7442
0.7,7.18451,50.1043,-0.647574,-0.762003
0.8,7.12911,50.0182,-0.625884,-0.779916
0.9,7.07423,49.9266,-0.608454,-0.793589
1,7.01963,49.829,-0.591212,-0.806516
1.1,6.96345,49.7262,-0.583426,-0.812166
1.2,6.90468,49.6195,-0.582744,-0.812656
1.3,6.84298,49.5098,-0.58535,-0.810781
1.4,6.77842,49.3981,-0.590356,-0.807143
1.5,6.7114,49.2852,-0.59539,-0.803437
1.6,6.64248,49.1712,-0.599064,-0.800701
1.7,6.57201,49.056,-0.601386,-0.798958
1.8,6.50019,48.9397,-0.60278,-0.797908
1.9,6.42682,48.8252,-0.611918,-0.790921
2,6.35186,48.7104,-0.616296,-0.787514
2.1,6.27487,48.5955,-0.622041,-0.782985
2.2,6.19557,48.4805,-0.628474,-0.77783
2.3,6.11385,48.3653,-0.63538,-0.772199
2.4,6.02987,48.2502,-0.641811,-0.766863
2.5,5.94417,48.135,-0.646382,-0.763014
2.6,5.85761,48.0193,-0.64754,-0.762031
2.7,5.77075,47.9027,-0.64643,-0.762973
2.8,5.68356,47.7854,-0.645607,-0.763669
2.9,5.59598,47.6674,-0.645371,-0.763869
3,5.50833,47.5511,-0.649355,-0.760485
3.1,5.42081,47.4348,-0.649078,-0.760722
3.2,5.33325,47.3185,-0.649072,-0.760727
3.3,5.24561,47.2019,-0.648733,-0.761016
3.4,5.15782,47.0849,-0.648371,-0.761325
3.5,5.06983,46.9676,-0.648233,-0.761442
3.6,4.98159,46.85,-0.648381,-0.761316
3.7,4.89311,46.7323,-0.648606,-0.761124
3.8,4.80443,46.6143,-0.648626,-0.761107
3.9,4.71551,46.4961,-0.648772,-0.760983
4,4.62622,46.3778,-0.649739,-0.760157
4.1,4.53637,46.2595,-0.65109,-0.759
4.2,4.44569,46.1411,-0.653165,-0.757215
4.3,4.35444,46.025,-0.66001,-0.751257
4.4,4.26238,45.9098,-0.664159,-0.747591
4.5,4.16924,45.7953,-0.668574,-0.743645
4.6,4.07494,45.6816,-0.673381,-0.739295
4.7,3.97945,45.5688,-0.6785,-0.734601
4.8,3.8829,45.4574,-0.684266,-0.729232
4.9,3.78548,45.3479,-0.690884,-0.722965
5,3.68733,45.2401,-0.696545,-0.717513
5.1,3.58843,45.1336,-0.701213,-0.712952
5.2,3.48884,45.0281,-0.705501,-0.708709
5.3,3.38862,44.9238,-0.709629,-0.704576
5.4,3.28785,44.8207,-0.713598,-0.700555
5.5,3.1866,44.7187,-0.717382,-0.69668
5.6,3.08545,44.6189,-0.722252,-0.69163
5.7,2.98448,44.5204,-0.72513,-0.688612
5.8,2.8838,44.4228,-0.726338,-0.687338
5.9,2.78356,44.3254,-0.726133,-0.687555
6,2.68389,44.2281,-0.724869,-0.688887
6.1,2.58489,44.1305,-0.722754,-0.691106
6.2,2.48661,44.0325,-0.720035,-0.693938
6.3,2.38908,43.934,-0.717204,-0.696864
6.4,2.29227,43.8349,-0.714121,-0.700023
6.5,2.1962,43.7352,-0.710961,-0.703231
6.6,2.10084,43.6349,-0.70783,-0.706383
6.7,2.0062,43.5341,-0.704796,-0.70941
6.8,1.91232,43.4328,-0.701916,-0.71226
6.9,1.8192,43.3312,-0.699215,-0.714912
7,1.7269,43.2297,-0.697471,-0.716613
7.1,1.63545,43.1283,-0.69578,-0.718255
7.2,1.54486,43.0272,-0.694255,-0.719729
7.3,1.45512,42.9264,-0.69294,-0.720995
7.4,1.36623,42.8261,-0.691847,-0.722044
7.5,1.27818,42.7263,-0.690976,-0.722878
7.6,1.19093,42.6271,-0.69055,-0.723284
7.7,1.10448,42.5287,-0.690327,-0.723498
7.8,1.01882,42.431,-0.690336,-0.723489
7.9,0.933901,42.3343,-0.690663,-0.723177
8,0.849697,42.2386,-0.691325,-0.722544
8.1,0.766152,42.1439,-0.692294,-0.721615
8.2,0.683202,42.0503,-0.693527,-0.72043
8.3,0.600774,41.9579,-0.694952,-0.719056
8.4,0.518787,41.8664,-0.696476,-0.717581
8.5,0.437761,41.7761,-0.696969,-0.717101
8.6,0.357691,41.687,-0.697438,-0.716645
8.7,0.27835,41.5988,-0.698162,-0.71594
8.8,0.199444,41.5115,-0.699169,-0.714956
8.9,0.120668,41.4249,-0.700714,-0.713442
9,0.041728,41.3389,-0.702823,-0.711365
9.1,-0.0376595,41.2535,-0.705493,-0.708717
9.2,-0.117759,41.1685,-0.708691,-0.705518
9.3,-0.198571,41.0848,-0.714182,-0.69996
9.4,-0.280439,41.002,-0.71926,-0.694741
9.5,-0.363634,40.9197,-0.723846,-0.689962
9.6,-0.4484,40.8374,-0.727988,-0.68559
9.7,-0.534949,40.7549,-0.731817,-0.681501
9.8,-0.623419,40.672,-0.735406,-0.677626
9.9,-0.713799,40.5884,-0.738437,-0.674322
10,-0.80579,40.5041,-0.74009,-0.672508
10.1,-0.898515,40.4184,-0.738404,-0.674358
10.2,-0.99036,40.3303,-0.730166,-0.68327
10.3,-1.08052,40.2398,-0.719974,-0.694001
10.4,-1.16955,40.1465,-0.710305,-0.703894
10.5,-1.258,40.0501,-0.701099,-0.713064
10.6,-1.34658,39.9508,-0.694254,-0.71973
10.7,-1.43574,39.849,-0.689485,-0.7243
10.8,-1.52567,39.7448,-0.685731,-0.727855
10.9,-1.61625,39.6384,-0.682321,-0.731053
11,-1.70689,39.5301,-0.677825,-0.735224
11.1,-1.79666,39.4197,-0.670689,-0.741739
11.2,-1.88499,39.3069,-0.66151,-0.749936
11.3,-1.97216,39.1919,-0.653069,-0.757298
11.4,-2.05862,39.0746,-0.646078,-0.763272
11.5,-2.14483,38.9552,-0.640542,-0.767923
11.6,-2.23123,38.8338,-0.636688,-0.771122
11.7,-2.31818,38.7107,-0.634383,-0.773018
11.8,-2.40593,38.5861,-0.633434,-0.773796
11.9,-2.49461,38.4605,-0.63363,-0.773636
12,-2.58392,38.336,-0.637772,-0.770225
12.1,-2.6738,38.2118,-0.640072,-0.768315
12.2,-2.76422,38.0879,-0.642169,-0.766563
12.3,-2.8551,37.9643,-0.644342,-0.764737
12.4,-2.94631,37.8414,-0.64664,-0.762795
12.5,-3.03776,37.7193,-0.64913,-0.760677
12.6,-3.12939,37.5983,-0.651963,-0.758251
12.7,-3.22126,37.4785,-0.655396,-0.755285
12.8,-3.31348,37.3602,-0.659944,-0.751315
12.9,-3.40633,37.2438,-0.665772,-0.746155
13,-3.5001,37.1296,-0.673232,-0.739431
13.1,-3.5942,37.0207,-0.686228,-0.727386
13.2,-3.6892,36.9159,-0.698177,-0.715925
13.3,-3.78527,36.8146,-0.709242,-0.704966
13.4,-3.88229,36.7166,-0.719183,-0.694821
13.5,-3.98006,36.6213,-0.727657,-0.685941
13.6,-4.07828,36.5286,-0.734887,-0.678189
13.7,-4.1768,36.4379,-0.74041,-0.672155
13.8,-4.27552,36.3487,-0.744516,-0.667604
13.9,-4.37439,36.2606,-0.747534,-0.664224
14,-4.47339,36.1733,-0.74974,-0.661732
14.1,-4.57246,36.0865,-0.751295,-0.659966
14.2,-4.67155,36.0002,-0.752376,-0.658734
14.3,-4.77061,35.9142,-0.75308,-0.657929
14.4,-4.86942,35.8287,-0.754001,-0.656873
14.5,-4.96795,35.7437,-0.754435,-0.656375
14.6,-5.06616,35.659,-0.754443,-0.656365
14.7,-5.16404,35.5745,-0.754245,-0.656593
14.8,-5.26157,35.4901,-0.753905,-0.656984
14.9,-5.35868,35.4059,-0.753213,-0.657777
15,-5.45523,35.3216,-0.751874,-0.659307
15.1,-5.55112,35.237,-0.749719,-0.661757
15.2,-5.64632,35.1517,-0.746509,-0.665376
15.3,-5.74094,35.0656,-0.743076,-0.669207
15.4,-5.83475,34.9744,-0.728482,-0.685065
15.5,-5.92814,34.8839,-0.729125,-0.684381
15.6,-6.02144,34.7941,-0.730657,-0.682745
15.7,-6.11489,34.705,-0.73312,-0.680099
15.8,-6.20869,34.6169,-0.73599,-0.676992
15.9,-6.303,34.5294,-0.7391,-0.673595
16,-6.39783,34.443,-0.74279,-0.669525
16.1,-6.49331,34.3574,-0.746235,-0.665682
16.2,-6.58953,34.2724,-0.749439,-0.662073
16.3,-6.68655,34.1878,-0.752363,-0.658749
16.4,-6.78439,34.1036,-0.754991,-0.655735
16.5,-6.88306,34.0196,-0.757305,-0.653062
16.6,-6.98252,33.9358,-0.759373,-0.650656
16.7,-7.0827,33.852,-0.761098,-0.648637
16.8,-7.18352,33.7683,-0.762488,-0.647002
16.9,-7.28471,33.6849,-0.763961,-0.645263
17,-7.38618,33.6016,-0.764814,-0.644251
17.1,-7.48784,33.5182,-0.765154,-0.643847
17.2,-7.58959,33.4348,-0.765048,-0.643973
17.3,-7.69133,33.3512,-0.764553,-0.644561
17.4,-7.79299,33.2673,-0.763716,-0.645552
17.5,-7.89451,33.183,-0.762682,-0.646774
17.6,-7.99587,33.0985,-0.761458,-0.648214
17.7,-8.09705,33.0135,-0.760138,-0.649762
17.8,-8.19807,32.9281,-0.758761,-0.65137
17.9,-8.29891,32.8423,-0.757381,-0.652973
18,-8.3996,32.7562,-0.756179,-0.654365
18.1,-8.50014,32.6697,-0.755007,-0.655717
18.2,-8.60058,32.5829,-0.753951,-0.65693
18.3,-8.70095,32.4957,-0.753113,-0.657891
18.4,-8.8013,32.4084,-0.752456,-0.658643
18.5,-8.90159,32.3209,-0.752201,-0.658934
18.6,-9.00189,32.2334,-0.751948,-0.659222
18.7,-9.10224,32.1457,-0.751756,-0.659441
18.8,-9.20266,32.058,-0.751659,-0.659552
18.9,-9.3032,31.9701,-0.751655,-0.659557
19,-9.40377,31.8824,-0.75202,-0.659141
19.1,-9.50441,31.7947,-0.752327,-0.658789
19.2,-9.60513,31.7071,-0.752568,-0.658515
19.3,-9.70591,31.6194,-0.752773,-0.65828
19.4,-9.80672,31.532,-0.753132,-0.65787
19.5,-9.90753,31.4445,-0.753302,-0.657675
19.6,-10.0083,31.3571,-0.753251,-0.657733
19.7,-10.109,31.2697,-0.752969,-0.658056
19.8,-10.2094,31.1823,-0.752461,-0.658637
19.9,-10.3094,31.095,-0.751896,-0.659281
20,-10.4088,31.008,-0.751238,-0.660031
20.1,-10.5076,30.9213,-0.750676,-0.660671
20.2,-10.6056,30.8351,-0.750286,-0.661114
20.3,-10.7028,30.7496,-0.750283,-0.661117
20.4,-10.7992,30.665,-0.750688,-0.660657
20.5,-10.895,30.5812,-0.751417,-0.659828
20.6,-10.9902,30.4985,-0.752934,-0.658096
20.7,-11.0851,30.4167,-0.754461,-0.656345
20.8,-11.1799,30.3356,-0.755974,-0.654602
20.9,-11.2746,30.2552,-0.757565,-0.65276
21,-11.3696,30.1753,-0.759227,-0.650826
21.1,-11.4647,30.0958,-0.760931,-0.648833
21.2,-11.5603,30.0167,-0.762703,-0.646748
21.3,-11.6563,29.9379,-0.764344,-0.644809
21.4,-11.7526,29.8597,-0.76669,-0.642017
21.5,-11.8494,29.7818,-0.76843,-0.639934
21.6,-11.9468,29.7038,-0.769565,-0.638569
21.7,-12.045,29.6255,-0.77011,-0.637911
21.8,-12.1439,29.5466,-0.770132,-0.637885
21.9,-12.2435,29.4667,-0.769339,-0.638841
22,-12.3437,29.3857,-0.767566,-0.64097
22.1,-12.4442,29.3035,-0.765205,-0.643786
22.2,-12.5448,29.22,-0.762371,-0.64714
22.3,-12.6454,29.1353,-0.759423,-0.650598
22.4,-12.7459,29.0497,-0.756938,-0.653486
22.5,-12.8462,28.9634,-0.754952,-0.65578
22.6,-12.9464,28.8768,-0.753805,-0.657098
22.7,-13.0466,28.7897,-0.752406,-0.6587
22.8,-13.1469,28.7018,-0.750957,-0.660351
22.9,-13.2474,28.6131,-0.749264,-0.662271
23,-13.3483,28.5234,-0.747845,-0.663873
23.1,-13.4496,28.4327,-0.746304,-0.665605
23.2,-13.5512,28.3412,-0.744764,-0.667328
23.3,-13.653,28.2485,-0.742743,-0.669577
23.4,-13.7553,28.1547,-0.740766,-0.671763
23.5,-13.858,28.0597,-0.739036,-0.673666
23.6,-13.9613,27.9636,-0.737688,-0.675142
23.7,-14.0651,27.8668,-0.737114,-0.675768
23.8,-14.1695,27.7692,-0.736527,-0.676408
23.9,-14.2744,27.6707,-0.735298,-0.677744
24,-14.3795,27.571,-0.733218,-0.679994
24.1,-14.4848,27.4699,-0.730547,-0.682863
24.2,-14.59,27.368,-0.728223,-0.68534
24.3,-14.6952,27.265,-0.725647,-0.688067
24.4,-14.8002,27.1612,-0.723513,-0.690311
24.5,-14.9051,27.0567,-0.721697,-0.692209
24.6,-15.01,26.9515,-0.720114,-0.693856
24.7,-15.1146,26.8462,-0.719282,-0.694718
24.8,-15.219,26.7405,-0.717959,-0.696085
24.9,-15.3232,26.6342,-0.716348,-0.697743
25,-15.4274,26.5273,-0.714743,-0.699388
25.1,-15.5316,26.4199,-0.713504,-0.700651
25.2,-15.6358,26.312,-0.712589,-0.701582
25.3,-15.7402,26.2038,-0.712264,-0.701912
25.4,-15.8449,26.0955,-0.712743,-0.701426
25.5,-15.9497,25.9874,-0.713696,-0.700455
25.6,-16.0547,25.8801,-0.715579,-0.698532
25.7,-16.1597,25.7734,-0.717379,-0.696683
25.8,-16.2649,25.6674,-0.719179,-0.694825
25.9,-16.3703,25.5621,-0.720991,-0.692945
26,-16.4757,25.4574,-0.722807,-0.69105
26.1,-16.5811,25.3536,-0.724671,-0.689095
26.2,-16.6865,25.2505,-0.726388,-0.687285
26.3,-16.7916,25.1486,-0.728437,-0.685113
26.4,-16.8963,25.0475,-0.72957,-0.683907
26.5,-17.0006,24.9469,-0.729763,-0.683701
26.6,-17.1044,24.8465,-0.729029,-0.684483
26.7,-17.2078,24.7457,-0.72748,-0.686129
26.8,-17.3107,24.6445,-0.725315,-0.688417
26.9,-17.4133,24.5424,-0.722625,-0.69124
27,-17.5152,24.4394,-0.719137,-0.694868
27.1,-17.6163,24.3351,-0.713986,-0.700159
27.2,-17.7158,24.2288,-0.706001,-0.708211
27.3,-17.8137,24.1212,-0.698965,-0.715156
27.4,-17.91,24.0114,-0.690203,-0.723615
27.5,-18.0053,23.8995,-0.68285,-0.730559
27.6,-18.1005,23.7863,-0.679771,-0.733425
27.7,-18.1958,23.6717,-0.676818,-0.73615
27.8,-18.2913,23.5557,-0.674139,-0.738604
27.9,-18.387,23.4383,-0.671435,-0.741063
28,-18.4828,23.3193,-0.668406,-0.743797
28.1,-18.5788,23.1986,-0.665061,-0.746789
28.2,-18.675,23.0762,-0.661683,-0.749783
28.3,-18.7715,22.952,-0.658726,-0.752383
28.4,-18.8685,22.8261,-0.656172,-0.754611
28.5,-18.966,22.6985,-0.654133,-0.756379
28.6,-19.0643,22.5694,-0.652737,-0.757585
28.7,-19.1634,22.439,-0.652063,-0.758165
28.8,-19.2635,22.3075,-0.652127,-0.75811
28.9,-19.3646,22.1755,-0.653539,-0.756893
29,-19.4662,22.0451,-0.658458,-0.752617
29.1,-19.5684,21.9157,-0.661725,-0.749747
29.2,-19.6711,21.7867,-0.664237,-0.747522
29.3,-19.7744,21.6581,-0.666366,-0.745624
29.4,-19.8781,21.5298,-0.668149,-0.744027
29.5,-19.9823,21.4018,-0.669778,-0.742561
29.6,-20.0868,21.274,-0.671131,-0.741339
29.7,-20.1913,21.1475,-0.674013,-0.738719
29.8,-20.2959,21.0216,-0.675586,-0.737281
29.9,-20.4007,20.896,-0.676642,-0.736312
30,-20.5057,20.7706,-0.677643,-0.735391
30.1,-20.6111,20.6454,-0.678827,-0.734298
30.2,-20.7169,20.5204,-0.680542,-0.732709
30.3,-20.8229,20.3974,-0.685224,-0.728332
30.4,-20.9291,20.276,-0.689122,-0.724645
30.5,-21.0357,20.1558,-0.692629,-0.721294
30.6,-21.1427,20.0367,-0.695983,-0.718059
30.7,-21.2501,19.9186,-0.69943,-0.714701
30.8,-21.3581,19.8016,-0.702916,-0.711273
30.9,-21.4666,19.6858,-0.706527,-0.707686
31,-21.5755,19.5712,-0.710366,-0.703833
31.1,-21.6844,19.4594,-0.71645,-0.697638
31.2,-21.7932,19.3501,-0.721776,-0.692126
31.3,-21.9019,19.2429,-0.726452,-0.687217
31.4,-22.0105,19.1377,-0.730443,-0.682974
31.5,-22.1187,19.0342,-0.733619,-0.679561
31.6,-22.2266,18.932,-0.735876,-0.677117
31.7,-22.334,18.8308,-0.7372,-0.675674
31.8,-22.4408,18.7302,-0.737667,-0.675165
31.9,-22.5473,18.63,-0.737402,-0.675454
32,-22.6533,18.5297,-0.73657,-0.676362
32.1,-22.759,18.4292,-0.735338,-0.677701
32.2,-22.8645,18.3283,-0.733886,-0.679273
32.3,-22.9698,18.2269,-0.732375,-0.680902
32.4,-23.075,18.125,-0.730936,-0.682446
32.5,-23.1802,18.0224,-0.729657,-0.683813
32.6,-23.2855,17.9193,-0.728592,-0.684948
32.7,-23.391,17.8169,-0.73046,-0.682955
32.8,-23.4966,17.7149,-0.731741,-0.681583
32.9,-23.6024,17.6131,-0.732584,-0.680677
33,-23.7082,17.5114,-0.733072,-0.680151
33.1,-23.8142,17.4097,-0.733246,-0.679964
33.2,-23.9202,17.3079,-0.733125,-0.680094
33.3,-24.0263,17.2058,-0.732727,-0.680523
33.4,-24.1323,17.1035,-0.73208,-0.681219
33.5,-24.2384,17.0008,-0.731232,-0.682128
33.6,-24.3445,16.8976,-0.730261,-0.683169
33.7,-24.4506,16.794,-0.72926,-0.684237
33.8,-24.5567,16.6899,-0.728309,-0.685249
33.9,-24.663,16.5853,-0.727493,-0.686115
34,-24.7694,16.4803,-0.726859,-0.686787
34.1,-24.876,16.375,-0.726442,-0.687227
34.2,-24.9828,16.2693,-0.726218,-0.687464
34.3,-25.0897,16.1635,-0.726051,-0.687641
34.4,-25.1963,16.0589,-0.728324,-0.685233
34.5,-25.3015,15.9557,-0.728347,-0.685209
34.6,-25.4035,15.855,-0.727277,-0.686344
34.7,-25.5036,15.7568,-0.729047,-0.684464
34.8,-25.6029,15.6609,-0.732801,-0.680443
34.9,-25.7021,15.5671,-0.737574,-0.675266
35,-25.8017,15.4751,-0.742683,-0.669643
35.1,-25.9017,15.3847,-0.747726,-0.664007
35.2,-26.0023,15.2958,-0.752567,-0.658516
35.3,-26.1033,15.2086,-0.757492,-0.652844
35.4,-26.2047,15.1232,-0.762502,-0.646986
35.5,-26.3065,15.0395,-0.767621,-0.640904
35.6,-26.4088,14.9574,-0.772612,-0.634879
35.7,-26.5117,14.8768,-0.777271,-0.629165
35.8,-26.6153,14.7973,-0.781416,-0.624011
35.9,-26.7195,14.7187,-0.784918,-0.6196
36,-26.8243,14.6409,-0.78767,-0.616097
36.1,-26.9296,14.5635,-0.789616,-0.613602
36.2,-27.0353,14.4862,-0.790715,-0.612184
36.3,-27.1414,14.4087,-0.790968,-0.611857
36.4,-27.2478,14.3308,-0.790494,-0.61247
36.5,-27.3544,14.2522,-0.789253,-0.614068
36.6,-27.4612,14.1728,-0.787451,-0.616378
36.7,-27.568,14.0924,-0.785271,-0.619153
36.8,-27.6749,14.011,-0.782892,-0.622158
36.9,-27.7817,13.9286,-0.780414,-0.625263
37,-27.8885,13.8452,-0.777932,-0.628348
37.1,-27.9952,13.7608,-0.775472,-0.631382
37.2,-28.1019,13.6755,-0.7731,-0.634285
37.3,-28.2084,13.5893,-0.770846,-0.637021
37.4,-28.3148,13.5024,-0.768756,-0.639542
37.5,-28.4212,13.4147,-0.766851,-0.641825
37.6,-28.5274,13.3264,-0.765193,-0.643801
37.7,-28.6335,13.2376,-0.763718,-0.64555
37.8,-28.7396,13.1483,-0.762419,-0.647083
37.9,-28.8455,13.0586,-0.761288,-0.648414
38,-28.9514,12.9685,-0.760308,-0.649563
38.1,-29.0572,12.8782,-0.759458,-0.650556
38.2,-29.163,12.7875,-0.758727,-0.651408
38.3,-29.2687,12.6967,-0.758149,-0.652081
38.4,-29.3743,12.6057,-0.757647,-0.652665
38.5,-29.48,12.5146,-0.757208,-0.653174
38.6,-29.5855,12.4233,-0.756816,-0.653628
38.7,-29.6911,12.332,-0.756466,-0.654033
38.8,-29.7966,12.2405,-0.75615,-0.654398
38.9,-29.9021,12.1489,-0.75586,-0.654733
39,-30.0075,12.0572,-0.755637,-0.654991
39.1,-30.113,11.9655,-0.75542,-0.655241
39.2,-30.2184,11.8736,-0.755199,-0.655496
39.3,-30.3238,11.7818,-0.754973,-0.655756
39.4,-30.4291,11.6898,-0.754744,-0.656019
39.5,-30.5345,11.5978,-0.754513,-0.656285
39.6,-30.6398,11.5056,-0.754281,-0.656551
39.7,-30.745,11.4135,-0.75412,-0.656737
39.8,-30.8502,11.3213,-0.753943,-0.65694
39.9,-30.9554,11.2291,-0.753762,-0.657147
40,-31.0605,11.1369,-0.753592,-0.657343
40.1,-31.1656,11.0446,-0.753443,-0.657513
40.2,-31.2706,10.9523,-0.753324,-0.65765
40.3,-31.3756,10.8601,-0.753382,-0.657583
40.4,-31.4805,10.768,-0.753422,-0.657537
40.5,-31.5854,10.6759,-0.753439,-0.657517
40.6,-31.6903,10.5837,-0.75343,-0.657529
40.7,-31.7951,10.4916,-0.753369,-0.657598
40.8,-31.9,10.3994,-0.753255,-0.657728
40.9,-32.0049,10.3072,-0.753074,-0.657936
41,-32.1097,10.2149,-0.752964,-0.658062
41.1,-32.2146,10.1224,-0.752715,-0.658347
41.2,-32.3194,10.0299,-0.752327,-0.65879
41.3,-32.4243,9.93713,-0.751817,-0.659372
41.4,-32.5291,9.84413,-0.751204,-0.66007
41.5,-32.6338,9.75085,-0.750496,-0.660875
41.6,-32.7385,9.65738,-0.749875,-0.66158
41.7,-32.8432,9.56365,-0.749118,-0.662437
41.8,-32.9477,9.46964,-0.748231,-0.663438
41.9,-33.0521,9.37531,-0.747249,-0.664544
42,-33.1563,9.28063,-0.746192,-0.665731
42.1,-33.2604,9.18572,-0.745307,-0.666722
42.2,-33.3644,9.09052,-0.744288,-0.667859
42.3,-33.4682,8.99498,-0.743135,-0.669141
42.4,-33.5718,8.89904,-0.741865,-0.670549
42.5,-33.6752,8.80266,-0.740478,-0.672081
42.6,-33.7785,8.7058,-0.73898,-0.673727
42.7,-33.8815,8.60861,-0.737719,-0.675108
42.8,-33.9843,8.511,-0.736236,-0.676725
42.9,-34.0869,8.41288,-0.734515,-0.678592
43,-34.1892,8.31416,-0.732541,-0.680723
43.1,-34.2912,8.21473,-0.730259,-0.68317
43.2,-34.3929,8.11448,-0.727694,-0.685902
43.3,-34.4942,8.01355,-0.725344,-0.688387
43.4,-34.5953,7.91178,-0.722734,-0.691127
43.5,-34.6961,7.8093,-0.720528,-0.693426
43.6,-34.7966,7.70613,-0.718426,-0.695603
43.7,-34.8969,7.60225,-0.716256,-0.697837
43.8,-34.997,7.4976,-0.713886,-0.700262
43.9,-35.0967,7.39246,-0.711883,-0.702299
44,-35.1959,7.28658,-0.709333,-0.704874
44.1,-35.2949,7.17987,-0.706689,-0.707524
44.2,-35.3937,7.07232,-0.704295,-0.709907
44.3,-35.4922,6.96391,-0.702001,-0.712176
44.4,-35.5907,6.85468,-0.699869,-0.714271
44.5,-35.6889,6.74514,-0.698574,-0.715538
44.6,-35.7869,6.63507,-0.69685,-0.717217
44.7,-35.8846,6.52452,-0.695159,-0.718856
44.8,-35.9821,6.4134,-0.693305,-0.720645
44.9,-36.0793,6.30164,-0.691233,-0.722632
45,-36.1762,6.18913,-0.689045,-0.724719
45.1,-36.2728,6.07654,-0.687948,-0.72576
45.2,-36.3691,5.9634,-0.685997,-0.727604
45.3,-36.4651,5.84944,-0.683774,-0.729693
45.4,-36.5612,5.73497,-0.682593,-0.730799
45.5,-36.6573,5.62004,-0.681819,-0.73152
45.6,-36.7536,5.50476,-0.681398,-0.731913
45.7,-36.85,5.38921,-0.681274,-0.732028
45.8,-36.9463,5.27432,-0.682486,-0.730899
45.9,-37.0425,5.15975,-0.683023,-0.730397
46,-37.1386,5.04538,-0.683435,-0.730011
46.1,-37.2347,4.93101,-0.683416,-0.730029
46.2,-37.3309,4.81646,-0.683166,-0.730263
46.3,-37.4271,4.70168,-0.682884,-0.730527
46.4,-37.5231,4.58766,-0.684244,-0.729253
46.5,-37.6191,4.47396,-0.6849,-0.728637
46.6,-37.7151,4.36036,-0.68529,-0.72827
46.7,-37.8112,4.2468,-0.685685,-0.727899
46.8,-37.9074,4.13328,-0.686195,-0.727418
46.9,-38.0038,4.01991,-0.686937,-0.726717
47,-38.1003,3.90698,-0.688179,-0.725541
47.1,-38.1963,3.79579,-0.691337,-0.722533
47.2,-38.2921,3.686,-0.693898,-0.720073
47.3,-38.3876,3.57737,-0.695925,-0.718115
47.4,-38.4827,3.46971,-0.697501,-0.716584
47.5,-38.5775,3.36287,-0.698725,-0.71539
47.6,-38.672,3.25671,-0.699556,-0.714578
47.7,-38.7662,3.15108,-0.700078,-0.714066
47.8,-38.8598,3.0467,-0.701835,-0.71234
47.9,-38.953,2.94328,-0.70303,-0.71116
48,-39.0457,2.84062,-0.703794,-0.710404
48.1,-39.1379,2.73859,-0.704217,-0.709985
48.2,-39.2296,2.63709,-0.70435,-0.709853
48.3,-39.3208,2.53624,-0.704565,-0.709639
48.4,-39.4113,2.43595,-0.704391,-0.709812
48.5,-39.501,2.33615,-0.70388,-0.710319
48.6,-39.5901,2.23676,-0.70306,-0.71113
48.7,-39.6783,2.13769,-0.701979,-0.712198
48.8,-39.7658,2.03887,-0.700672,-0.713484
48.9,-39.8525,1.94022,-0.69917,-0.714956
49,-39.9383,1.84186,-0.697836,-0.716258
49.1,-40.0233,1.74373,-0.696255,-0.717795
49.2,-40.1074,1.64576,-0.694486,-0.719506
49.3,-40.1907,1.5479,-0.692519,-0.721399
49.4,-40.2732,1.45017,-0.690843,-0.723004
49.5,-40.3549,1.35252,-0.689123,-0.724644
49.6,-40.4359,1.25481,-0.687153,-0.726512
49.7,-40.5162,1.15689,-0.684791,-0.72874
49.8,-40.5958,1.05855,-0.681968,-0.731382
49.9,-40.6748,0.959593,-0.678719,-0.734398
50,-40.7532,0.859829,-0.675159,-0.737672
50.1,-40.8312,0.758955,-0.671095,-0.741372
50.2,-40.9088,0.65683,-0.667087,-0.74498
50.3,-40.9862,0.553385,-0.66329,-0.748362
50.4,-41.0635,0.448599,-0.659759,-0.751477
50.5,-41.1408,0.342492,-0.656592,-0.754246
50.6,-41.2182,0.235172,-0.653946,-0.756541
50.7,-41.2957,0.126609,-0.651308,-0.758813
50.8,-41.3733,0.0167762,-0.648664,-0.761075
50.9,-41.451,-0.0943908,-0.645818,-0.763492
51,-41.5287,-0.205184,-0.64675,-0.762702
51.1,-41.6063,-0.316152,-0.646092,-0.76326
51.2,-41.6836,-0.427756,-0.644113,-0.764931
51.3,-41.7608,-0.540273,-0.641435,-0.767178
51.4,-41.838,-0.653211,-0.640751,-0.767749
51.5,-41.9154,-0.766589,-0.640306,-0.76812
51.6,-41.993,-0.880459,-0.639898,-0.76846
51.7,-42.0708,-0.994905,-0.639034,-0.769178
51.8,-42.1486,-1.11005,-0.63757,-0.770392
51.9,-42.2266,-1.22578,-0.636931,-0.770921
52,-42.3047,-1.34169,-0.63708,-0.770798
52.1,-42.3821,-1.45668,-0.637363,-0.770563
52.2,-42.4578,-1.56903,-0.638793,-0.769378
52.3,-42.5329,-1.67615,-0.649847,-0.760065
52.4,-42.6088,-1.77942,-0.662101,-0.749415
52.5,-42.6858,-1.87913,-0.674468,-0.738304
52.6,-42.7641,-1.97563,-0.686066,-0.72754
52.7,-42.8435,-2.0691,-0.697292,-0.716787
52.8,-42.9243,-2.15966,-0.70842,-0.705791
52.9,-43.0063,-2.24768,-0.718615,-0.695408
53,-43.0897,-2.33349,-0.727691,-0.685905
53.1,-43.1742,-2.41736,-0.735818,-0.67718
53.2,-43.2599,-2.49955,-0.742994,-0.669298
53.3,-43.3467,-2.58031,-0.749301,-0.662229
53.4,-43.4343,-2.65998,-0.75421,-0.656634
53.5,-43.5226,-2.73896,-0.75751,-0.652824
53.6,-43.6113,-2.8177,-0.759086,-0.65099
53.7,-43.7001,-2.89664,-0.758981,-0.651113
53.8,-43.789,-2.97615,-0.757551,-0.652776
53.9,-43.8777,-3.05656,-0.754963,-0.655767
54,-43.9663,-3.13814,-0.751519,-0.659712
54.1,-44.0547,-3.22111,-0.747524,-0.664235
54.2,-44.1429,-3.3056,-0.743177,-0.669094
54.3,-44.231,-3.39176,-0.738467,-0.67429
54.4,-44.3188,-3.47969,-0.733532,-0.679654
54.5,-44.4065,-3.56941,-0.728493,-0.685053
54.6,-44.4939,-3.66088,-0.723467,-0.690359
54.7,-44.581,-3.75405,-0.718531,-0.695495
54.8,-44.6679,-3.84885,-0.713779,-0.700371
54.9,-44.7544,-3.94521,-0.709204,-0.705003
55,-44.8406,-4.04163,-0.708103,-0.706109
55.1,-44.9263,-4.13835,-0.706251,-0.707962
55.2,-45.0115,-4.23548,-0.704037,-0.710163
55.3,-45.0962,-4.33305,-0.701771,-0.712403
55.4,-45.1805,-4.43104,-0.699712,-0.714425
55.5,-45.2644,-4.52933,-0.698129,-0.715972
55.6,-45.3481,-4.62782,-0.697012,-0.717059
55.7,-45.4315,-4.72641,-0.696329,-0.717723
55.8,-45.5148,-4.82499,-0.695991,-0.71805
55.9,-45.5979,-4.92345,-0.695849,-0.718188
56,-45.6808,-5.02176,-0.695739,-0.718295
56.1,-45.7634,-5.11984,-0.695654,-0.718377
56.2,-45.8456,-5.21755,-0.695671,-0.71836
56.3,-45.927,-5.31458,-0.695541,-0.718486
56.4,-46.0068,-5.41017,-0.694782,-0.71922
56.5,-46.0843,-5.50285,-0.696453,-0.717602
56.6,-46.1606,-5.59245,-0.701566,-0.712604
56.7,-46.2359,-5.67821,-0.709125,-0.705083
56.8,-46.3113,-5.7609,-0.717879,-0.696168
56.9,-46.3871,-5.84051,-0.727661,-0.685937
57,-46.4637,-5.91738,-0.737393,-0.675464
57.1,-46.5413,-5.99166,-0.746925,-0.664908
57.2,-46.6197,-6.06317,-0.757004,-0.65341
57.3,-46.6989,-6.13163,-0.767531,-0.641012
57.4,-46.779,-6.19773,-0.776233,-0.630446
57.5,-46.86,-6.26195,-0.783559,-0.621317
57.6,-46.9419,-6.32467,-0.789621,-0.613595
57.7,-47.0245,-6.38623,-0.794609,-0.607122
57.8,-47.108,-6.44694,-0.798676,-0.601761
57.9,-47.1923,-6.50728,-0.801321,-0.598234
58,-47.2773,-6.56785,-0.802088,-0.597205
58.1,-47.3627,-6.62942,-0.800341,-0.599545
58.2,-47.4483,-6.69289,-0.795486,-0.605973
58.3,-47.5339,-6.75915,-0.787672,-0.616094
58.4,-47.6193,-6.82885,-0.778086,-0.628157
58.5,-47.7048,-6.90226,-0.768262,-0.640136
58.6,-47.7907,-6.9794,-0.759096,-0.650979
58.7,-47.8771,-7.06019,-0.750823,-0.660504
58.8,-47.9645,-7.14451,-0.743582,-0.668644
58.9,-48.0527,-7.23217,-0.737095,-0.675789
59,-48.1418,-7.32294,-0.731334,-0.682019
59.1,-48.2317,-7.41659,-0.726045,-0.687647
59.2,-48.3223,-7.5129,-0.721183,-0.692745
59.3,-48.4136,-7.61167,-0.716658,-0.697425
59.4,-48.5053,-7.71274,-0.71239,-0.701784
59.5,-48.5976,-7.81591,-0.70841,-0.705801
59.6,-48.6902,-7.92102,-0.704807,-0.709399
59.7,-48.7827,-8.02568,-0.70584,-0.708371
59.8,-48.8753,-8.13045,-0.705629,-0.708582
59.9,-48.9679,-8.23564,-0.704874,-0.709332
60,-49.0607,-8.34142,-0.703996,-0.710204
60.1,-49.1538,-8.44784,-0.703323,-0.710871
60.2,-49.2473,-8.55489,-0.703043,-0.711148
60.3,-49.3415,-8.66254,-0.703046,-0.711145
60.4,-49.4363,-8.77068,-0.703557,-0.710639
60.5,-49.5318,-8.87919,-0.704534,-0.709671
60.6,-49.6282,-8.98801,-0.70589,-0.708321
60.7,-49.7255,-9.09708,-0.707562,-0.706652
60.8,-49.8238,-9.20636,-0.70954,-0.704666
60.9,-49.9233,-9.31577,-0.711865,-0.702316
61,-50.0239,-9.4252,-0.714605,-0.699528
61.1,-50.1259,-9.5345,-0.717818,-0.696231
61.2,-50.2284,-9.6412,-0.725187,-0.688552
61.3,-50.3316,-9.74582,-0.731473,-0.68187
61.4,-50.4354,-9.84867,-0.737012,-0.675879
61.5,-50.5399,-9.94993,-0.741986,-0.670415
61.6,-50.6448,-10.0497,-0.746464,-0.665425
61.7,-50.7499,-10.148,-0.750441,-0.660937
61.8,-50.8551,-10.2449,-0.753873,-0.65702
61.9,-50.9603,-10.3405,-0.756723,-0.653736
62,-51.0651,-10.4349,-0.758993,-0.651099
62.1,-51.1696,-10.5282,-0.760735,-0.649063
62.2,-51.2736,-10.6207,-0.762032,-0.647539
62.3,-51.3772,-10.7124,-0.762982,-0.64642
62.4,-51.4804,-10.8035,-0.763676,-0.6456
62.5,-51.5832,-10.894,-0.764192,-0.644989
62.6,-51.6857,-10.9841,-0.764591,-0.644515
62.7,-51.788,-11.0739,-0.764918,-0.644128
62.8,-51.89,-11.1634,-0.765204,-0.643787
62.9,-51.9919,-11.2527,-0.765471,-0.64347
63,-52.0936,-11.3417,-0.765729,-0.643163
63.1,-52.1953,-11.4306,-0.766012,-0.642826
63.2,-52.2969,-11.5194,-0.766294,-0.64249
63.3,-52.3985,-11.608,-0.766575,-0.642155
63.4,-52.5001,-11.6965,-0.766852,-0.641823
63.5,-52.6017,-11.7849,-0.767123,-0.6415
63.6,-52.7033,-11.8733,-0.767383,-0.641189
63.7,-52.805,-11.9615,-0.767631,-0.640892
63.8,-52.9067,-12.0498,-0.767863,-0.640614
63.9,-53.0084,-12.138,-0.768077,-0.640357
64,-53.1103,-12.2262,-0.768273,-0.640122
64.1,-53.2121,-12.3143,-0.768448,-0.639912
64.2,-53.3141,-12.4025,-0.768603,-0.639727
64.3,-53.4161,-12.4907,-0.768735,-0.639567
64.4,-53.5182,-12.5789,-0.768942,-0.639318
64.5,-53.6204,-12.667,-0.769125,-0.639098
64.6,-53.7226,-12.7552,-0.769285,-0.638906
64.7,-53.8249,-12.8434,-0.769421,-0.638742
64.8,-53.9273,-12.9316,-0.769533,-0.638607
64.9,-54.0298,-13.0199,-0.769618,-0.638504
65,-54.1323,-13.1082,-0.769676,-0.638435
65.1,-54.2349,-13.1965,-0.769702,-0.638403
65.2,-54.3376,-13.2849,-0.769696,-0.638411
65.3,-54.4403,-13.3735,-0.769653,-0.638462
65.4,-54.5431,-13.4621,-0.769576,-0.638555
65.5,-54.646,-13.5508,-0.769468,-0.638686
65.6,-54.749,-13.6396,-0.769641,-0.638477
65.7,-54.8521,-13.7283,-0.76975,-0.638345
65.8,-54.9552,-13.8172,-0.769797,-0.638289
65.9,-55.0584,-13.9061,-0.769784,-0.638305
66,-55.1616,-13.9951,-0.769709,-0.638395
66.1,-55.265,-14.0842,-0.769573,-0.638559
66.2,-55.3684,-14.1735,-0.76938,-0.638792
66.3,-55.4719,-14.263,-0.769133,-0.639089
66.4,-55.5755,-14.3527,-0.768843,-0.639438
66.5,-55.6792,-14.4426,-0.768525,-0.639819
66.6,-55.783,-14.5327,-0.768186,-0.640227
66.7,-55.8868,-14.6229,-0.768432,-0.639931
66.8,-55.9908,-14.713,-0.768546,-0.639794
66.9,-56.0948,-14.8033,-0.768541,-0.6398
67,-56.1989,-14.8936,-0.768426,-0.639939
67.1,-56.3031,-14.9841,-0.768216,-0.640191
67.2,-56.4073,-15.0749,-0.767926,-0.640539
67.3,-56.5117,-15.1659,-0.767578,-0.640956
67.4,-56.6162,-15.2571,-0.767197,-0.641412
67.5,-56.7207,-15.3486,-0.766805,-0.641881
67.6,-56.8255,-15.4405,-0.766421,-0.642338
67.7,-56.9304,-15.5326,-0.766061,-0.642768
67.8,-57.0353,-15.6245,-0.766546,-0.642189
67.9,-57.1403,-15.7164,-0.766851,-0.641825
68,-57.2453,-15.8083,-0.767004,-0.641642
68.1,-57.3504,-15.9003,-0.76703,-0.641612
68.2,-57.4556,-15.9923,-0.766945,-0.641713
68.3,-57.5608,-16.0845,-0.766777,-0.641914
68.4,-57.666,-16.1768,-0.766524,-0.642216
68.5,-57.7713,-16.2691,-0.766789,-0.641899
68.6,-57.8766,-16.3614,-0.766836,-0.641843
68.7,-57.9819,-16.4537,-0.766693,-0.642014
68.8,-58.0871,-16.5462,-0.766393,-0.642372
68.9,-58.1924,-16.6389,-0.765972,-0.642874
69,-58.2978,-16.7318,-0.765467,-0.643476
69.1,-58.4032,-16.8251,-0.764918,-0.644128
69.2,-58.5086,-16.9186,-0.764338,-0.644816
69.3,-58.6142,-17.0126,-0.763749,-0.645514
69.4,-58.7197,-17.1063,-0.764176,-0.645008
69.5,-58.8252,-17.2,-0.764322,-0.644835
69.6,-58.9307,-17.2937,-0.764246,-0.644925
69.7,-59.0362,-17.3875,-0.763993,-0.645224
69.8,-59.1417,-17.4816,-0.763601,-0.645689
69.9,-59.2473,-17.5759,-0.7631,-0.646281
70,-59.3529,-17.6705,-0.762526,-0.646957
70.1,-59.4585,-17.7651,-0.762702,-0.64675
70.2,-59.5641,-17.8597,-0.762592,-0.646879
70.3,-59.6697,-17.9545,-0.762268,-0.647261
70.4,-59.7753,-18.0495,-0.761794,-0.647819
70.5,-59.8809,-18.1448,-0.761221,-0.648493
70.6,-59.9866,-18.2404,-0.760604,-0.649216
70.7,-60.0923,-18.3364,-0.759947,-0.649985
70.8,-60.1982,-18.4328,-0.759276,-0.650769
70.9,-60.304,-18.529,-0.759791,-0.650168
71,-60.4097,-18.625,-0.759933,-0.650001
71.1,-60.5154,-18.7211,-0.759788,-0.650171
71.2,-60.621,-18.8174,-0.759422,-0.650598
71.3,-60.7267,-18.9139,-0.758893,-0.651215
71.4,-60.8324,-19.0107,-0.758276,-0.651934
71.5,-60.9381,-19.1079,-0.757566,-0.652759
71.6,-61.0437,-19.2049,-0.757814,-0.652471
71.7,-61.1493,-19.302,-0.757717,-0.652583
71.8,-61.2549,-19.3992,-0.757389,-0.652964
71.9,-61.3606,-19.4967,-0.756915,-0.653513
72,-61.4662,-19.5945,-0.756352,-0.654165
72.1,-61.5719,-19.6926,-0.755735,-0.654878
72.2,-61.6777,-19.7911,-0.755093,-0.655617
72.3,-61.7836,-19.8899,-0.754542,-0.656252
72.4,-61.8893,-19.9883,-0.755387,-0.655279
72.5,-61.995,-20.0865,-0.755748,-0.654863
72.6,-62.1006,-20.1846,-0.755783,-0.654822
72.7,-62.2062,-20.2829,-0.755628,-0.655001
72.8,-62.3118,-20.3813,-0.755378,-0.655289
72.9,-62.4175,-20.4799,-0.755099,-0.655611
73,-62.5233,-20.5787,-0.754821,-0.65593
73.1,-62.6291,-20.6777,-0.754572,-0.656218
73.2,-62.735,-20.7769,-0.754459,-0.656347
73.3,-62.8408,-20.8755,-0.755714,-0.654902
73.4,-62.9464,-20.9735,-0.756524,-0.653966
73.5,-63.0519,-21.0713,-0.757007,-0.653406
73.6,-63.1573,-21.169,-0.757272,-0.6531
73.7,-63.2627,-21.2665,-0.757404,-0.652946
73.8,-63.368,-21.3641,-0.75747,-0.65287
73.9,-63.4733,-21.4616,-0.757563,-0.652762
74,-63.5787,-21.5591,-0.757668,-0.65264
74.1,-63.6838,-21.6559,-0.759017,-0.651071
74.2,-63.7888,-21.7521,-0.760033,-0.649884
74.3,-63.8936,-21.848,-0.760793,-0.648995
74.4,-63.9984,-21.9436,-0.761373,-0.648314
74.5,-64.1031,-22.0389,-0.761842,-0.647763
74.6,-64.2078,-22.1341,-0.762257,-0.647274
74.7,-64.3125,-22.2291,-0.762666,-0.646793
74.8,-64.4173,-22.324,-0.763103,-0.646277
74.9,-64.522,-22.4183,-0.764538,-0.644579
75,-64.6266,-22.512,-0.765737,-0.643153
75.1,-64.7311,-22.6053,-0.766754,-0.641941
75.2,-64.8357,-22.6982,-0.767632,-0.640891
75.3,-64.9402,-22.7908,-0.768416,-0.639951
75.4,-65.0447,-22.8831,-0.769143,-0.639077
75.5,-65.1492,-22.9751,-0.769891,-0.638175
75.6,-65.2537,-23.0665,-0.771322,-0.636445
75.7,-65.3581,-23.1573,-0.772592,-0.634903
75.8,-65.4625,-23.2476,-0.773738,-0.633506
75.9,-65.5668,-23.3375,-0.774783,-0.632227
76,-65.671,-23.4268,-0.775754,-0.631036
76.1,-65.7751,-23.5158,-0.776653,-0.629929
76.2,-65.8791,-23.6043,-0.77749,-0.628895
76.3,-65.9831,-23.6925,-0.778274,-0.627925
76.4,-66.0869,-23.7803,-0.779011,-0.627011
76.5,-66.1906,-23.8677,-0.779704,-0.626149
76.6,-66.2942,-23.9548,-0.780356,-0.625336
76.7,-66.3977,-24.0415,-0.780968,-0.624572
76.8,-66.5011,-24.128,-0.781539,-0.623856
76.9,-66.6044,-24.2141,-0.782071,-0.623189
77,-66.7076,-24.3,-0.782566,-0.622568
77.1,-66.8108,-24.3857,-0.783024,-0.621992
77.2,-66.9139,-24.4712,-0.783446,-0.621459
77.3,-67.0169,-24.5564,-0.783836,-0.620968
77.4,-67.1199,-24.6415,-0.784192,-0.620518
77.5,-67.2229,-24.7265,-0.784517,-0.620107
77.6,-67.3258,-24.8114,-0.784811,-0.619736
77.7,-67.4288,-24.8962,-0.785074,-0.619402
77.8,-67.5318,-24.9809,-0.785308,-0.619105
77.9,-67.6348,-25.0655,-0.785517,-0.61884
78,-67.7378,-25.1501,-0.785702,-0.618605
78.1,-67.8408,-25.2347,-0.785877,-0.618383
78.2,-67.9438,-25.3192,-0.786053,-0.618159
78.3,-68.0469,-25.4037,-0.786233,-0.61793
78.4,-68.15,-25.4881,-0.786419,-0.617694
78.5,-68.2532,-25.5726,-0.786611,-0.617449
78.6,-68.3564,-25.657,-0.78681,-0.617195
78.7,-68.4596,-25.7413,-0.787017,-0.616931
78.8,-68.5629,-25.8256,-0.787232,-0.616656
78.9,-68.6662,-25.9099,-0.787455,-0.616372
79,-68.7696,-25.9941,-0.787684,-0.616079
79.1,-68.873,-26.0783,-0.787919,-0.615778
79.2,-68.9764,-26.1624,-0.788155,-0.615477
79.3,-69.0799,-26.2465,-0.78839,-0.615176
79.4,-69.1834,-26.3305,-0.788618,-0.614884
79.5,-69.287,-26.4144,-0.788837,-0.614603
79.6,-69.3906,-26.4984,-0.789042,-0.61434
79.7,-69.4943,-26.5823,-0.78923,-0.614097
79.8,-69.598,-26.6662,-0.789403,-0.613875
79.9,-69.7018,-26.7501,-0.789562,-0.61367
80,-69.8056,-26.834,-0.789712,-0.613478
80.1,-69.9095,-26.9179,-0.789855,-0.613294
80.2,-70.0135,-27.0019,-0.789998,-0.61311
80.3,-70.1176,-27.0858,-0.790343,-0.612665
80.4,-70.2218,-27.1696,-0.790653,-0.612265
80.5,-70.326,-27.2533,-0.79093,-0.611907
80.6,-70.4303,-27.3371,-0.791179,-0.611585
80.7,-70.5347,-27.4208,-0.791403,-0.611294
80.8,-70.6391,-27.5045,-0.79161,-0.611027
80.9,-70.7437,-27.5883,-0.791803,-0.610776
81,-70.8484,-27.672,-0.791991,-0.610533
81.1,-70.9532,-27.7558,-0.792178,-0.61029
81.2,-71.0581,-27.8396,-0.792368,-0.610044
81.3,-71.1631,-27.9233,-0.792826,-0.609448
81.4,-71.2681,-28.0069,-0.793229,-0.608924
81.5,-71.3733,-28.0904,-0.793585,-0.60846
81.6,-71.4785,-28.1739,-0.793903,-0.608045
81.7,-71.5839,-28.2574,-0.794194,-0.607665
81.8,-71.6894,-28.3408,-0.794471,-0.607303
81.9,-71.795,-28.4243,-0.794747,-0.606941
82,-71.9007,-28.5077,-0.795034,-0.606565
82.1,-72.0065,-28.5911,-0.795344,-0.606159
82.2,-72.1124,-28.6743,-0.795986,-0.605316
82.3,-72.2185,-28.7574,-0.796595,-0.604513
82.4,-72.3246,-28.8402,-0.797181,-0.603741
82.5,-72.4307,-28.9229,-0.797748,-0.602991
82.6,-72.537,-29.0055,-0.798302,-0.602258
82.7,-72.6434,-29.0878,-0.798843,-0.60154
82.8,-72.7498,-29.1701,-0.799369,-0.600841
82.9,-72.8563,-29.2522,-0.799875,-0.600166
83,-72.9629,-29.3342,-0.800359,-0.599521
83.1,-73.0696,-29.416,-0.800818,-0.598907
83.2,-73.1763,-29.4977,-0.80125,-0.59833
83.3,-73.2831,-29.5793,-0.801652,-0.597791
83.4,-73.3899,-29.6608,-0.802026,-0.597289
83.5,-73.4968,-29.7421,-0.802372,-0.596824
83.6,-73.6037,-29.8234,-0.802693,-0.596393
83.7,-73.7107,-29.9046,-0.802991,-0.595991
83.8,-73.8177,-29.9858,-0.80327,-0.595615
83.9,-73.9248,-30.0668,-0.803531,-0.595263
84,-74.0319,-30.1478,-0.803778,-0.594929
84.1,-74.1391,-30.2288,-0.804012,-0.594613
84.2,-74.2463,-30.3097,-0.804234,-0.594312
84.3,-74.3535,-30.3905,-0.804447,-0.594025
84.4,-74.4608,-30.4714,-0.804651,-0.593749
84.5,-74.5682,-30.5521,-0.804846,-0.593483
84.6,-74.6756,-30.6329,-0.805035,-0.593227
84.7,-74.783,-30.7136,-0.805217,-0.59298
84.8,-74.8905,-30.7943,-0.805393,-0.592742
84.9,-74.9981,-30.8749,-0.805563,-0.59251
85,-75.1056,-30.9555,-0.805727,-0.592287
85.1,-75.2133,-31.0361,-0.805887,-0.59207
85.2,-75.3209,-31.1167,-0.806041,-0.591859
85.3,-75.4286,-31.1972,-0.806192,-0.591654
85.4,-75.5364,-31.2777,-0.806338,-0.591456
85.5,-75.6441,-31.3582,-0.806479,-0.591262
85.6,-75.7519,-31.4386,-0.806617,-0.591074
85.7,-75.8598,-31.519,-0.806751,-0.590891
85.8,-75.9676,-31.5995,-0.806882,-0.590713
85.9,-76.0755,-31.6798,-0.807009,-0.590539
86,-76.1835,-31.7602,-0.807133,-0.59037
86.1,-76.2914,-31.8405,-0.807253,-0.590205
86.2,-76.3994,-31.9208,-0.807371,-0.590045
86.3,-76.5074,-32.0011,-0.807485,-0.589888
86.4,-76.6155,-32.0814,-0.807597,-0.589735
86.5,-76.7235,-32.1617,-0.807705,-0.589586
86.6,-76.8316,-32.2419,-0.807811,-0.589441
86.7,-76.9397,-32.3221,-0.807915,-0.589299
86.8,-77.0478,-32.4023,-0.808016,-0.589161
86.9,-77.1559,-32.4825,-0.808114,-0.589026
87,-77.2641,-32.5626,-0.80821,-0.588894
87.1,-77.3723,-32.6427,-0.808303,-0.588766
87.2,-77.4804,-32.7229,-0.808395,-0.588641
87.3,-77.5886,-32.803,-0.808483,-0.588519
87.4,-77.6969,-32.883,-0.80857,-0.5884
87.5,-77.8051,-32.9631,-0.808655,-0.588283
87.6,-77.9133,-33.0431,-0.808737,-0.58817
87.7,-78.0216,-33.1231,-0.808818,-0.58806
87.8,-78.1298,-33.2031,-0.808896,-0.587952
87.9,-78.2381,-33.2831,-0.808972,-0.587847
88,-78.3463,-33.3631,-0.809047,-0.587744
88.1,-78.4546,-33.4431,-0.809119,-0.587644
88.2,-78.5629,-33.523,-0.80919,-0.587547
88.3,-78.6712,-33.6029,-0.809259,-0.587452
88.4,-78.7795,-33.6828,-0.809326,-0.58736
88.5,-78.8878,-33.7627,-0.809391,-0.587271
88.6,-78.9961,-33.8426,-0.809454,-0.587184
88.7,-79.1044,-33.9224,-0.809515,-0.587099
88.8,-79.2127,-34.0023,-0.809575,-0.587017
88.9,-79.321,-34.0821,-0.809632,-0.586938
89,-79.4293,-34.1619,-0.809688,-0.586861
89.1,-79.5377,-34.2417,-0.809742,-0.586786
89.2,-79.646,-34.3215,-0.809794,-0.586715
89.3,-79.7543,-34.4013,-0.809844,-0.586645
89.4,-79.8626,-34.4811,-0.809892,-0.586579
89.5,-79.9709,-34.5609,-0.809939,-0.586515
89.6,-80.0792,-34.6406,-0.809983,-0.586453
89.7,-80.1875,-34.7204,-0.810025,-0.586395
89.8,-80.2959,-34.8001,-0.810065,-0.58634
89.9,-80.4042,-34.8798,-0.810103,-0.586287
90,-80.5125,-34.9595,-0.810139,-0.586238
90.1,-80.6208,-35.0392,-0.810173,-0.586191
90.2,-80.729,-35.1189,-0.810204,-0.586148
90.3,-80.8373,-35.1986,-0.810233,-0.586108
90.4,-80.9456,-35.2783,-0.810259,-0.586071
90.5,-81.0539,-35.358,-0.810283,-0.586038
90.6,-81.1622,-35.4377,-0.810305,-0.586009
90.7,-81.2704,-35.5174,-0.810323,-0.585983
90.8,-81.3787,-35.5971,-0.810338,-0.585962
90.9,-81.487,-35.6768,-0.810351,-0.585945
91,-81.5952,-35.7565,-0.810361,-0.585932
91.1,-81.7034,-35.8362,-0.810367,-0.585923
91.2,-81.8117,-35.9159,-0.81037,-0.585919
91.3,-81.9199,-35.9956,-0.810369,-0.58592
91.4,-82.0281,-36.0753,-0.810365,-0.585926
91.5,-82.1363,-36.155,-0.810356,-0.585937
91.6,-82.2445,-36.2347,-0.810344,-0.585954
91.7,-82.3527,-36.3145,-0.810328,-0.585977
91.8,-82.4609,-36.3943,-0.810307,-0.586005
91.9,-82.569,-36.474,-0.810282,-0.58604
92,-82.6772,-36.5538,-0.810252,-0.586082
92.1,-82.7853,-36.6336,-0.810217,-0.58613
92.2,-82.8934,-36.7135,-0.810178,-0.586185
92.3,-83.0015,-36.7933,-0.810132,-0.586247
92.4,-83.1096,-36.8732,-0.810081,-0.586318
92.5,-83.2177,-36.9531,-0.810024,-0.586397
92.6,-83.3258,-37.033,-0.80996,-0.586485
92.7,-83.4338,-37.113,-0.80989,-0.586582
92.8,-83.5418,-37.193,-0.809813,-0.586688
92.9,-83.6498,-37.2731,-0.80973,-0.586802
93,-83.7578,-37.3531,-0.809641,-0.586926
93.1,-83.8658,-37.4333,-0.809543,-0.587061
93.2,-83.9737,-37.5134,-0.809438,-0.587206
93.3,-84.0816,-37.5937,-0.809323,-0.587364
93.4,-84.1895,-37.6739,-0.8092,-0.587534
93.5,-84.2974,-37.7543,-0.809066,-0.587718
93.6,-84.4052,-37.8347,-0.808921,-0.587918
93.7,-84.513,-37.9151,-0.808764,-0.588133
93.8,-84.6208,-37.9956,-0.80868,-0.588249
93.9,-84.7286,-38.0762,-0.808544,-0.588436
94,-84.8363,-38.1568,-0.808459,-0.588553
94.1,-84.9441,-38.2374,-0.808393,-0.588643
94.2,-85.0518,-38.3181,-0.808324,-0.588738
94.3,-85.1596,-38.3989,-0.808238,-0.588856
94.4,-85.2673,-38.4797,-0.808125,-0.589011
94.5,-85.3749,-38.5606,-0.80798,-0.58921
94.6,-85.4826,-38.6415,-0.807798,-0.589459
94.7,-85.5902,-38.7225,-0.807579,-0.589759
94.8,-85.6977,-38.8037,-0.80732,-0.590114
94.9,-85.8052,-38.8849,-0.80702,-0.590524
95,-85.9126,-38.9663,-0.80668,-0.590989
95.1,-86.02,-39.0478,-0.806305,-0.5915
95.2,-86.1272,-39.1294,-0.805896,-0.592057
95.3,-86.2344,-39.2112,-0.805461,-0.592649
95.4,-86.3415,-39.2932,-0.804983,-0.593298
95.5,-86.4484,-39.3753,-0.804449,-0.594022
95.6,-86.5553,-39.4577,-0.803849,-0.594834
95.7,-86.662,-39.5403,-0.803144,-0.595785
95.8,-86.7685,-39.6231,-0.802299,-0.596923
95.9,-86.8749,-39.7063,-0.801336,-0.598214
96,-86.981,-39.7898,-0.800246,-0.599672
96.1,-87.0868,-39.8736,-0.799031,-0.60129
96.2,-87.1925,-39.9579,-0.797748,-0.602992
96.3,-87.2979,-40.0426,-0.796467,-0.604683
96.4,-87.403,-40.1278,-0.795226,-0.606313
96.5,-87.508,-40.2133,-0.79393,-0.60801
96.6,-87.6126,-40.2994,-0.792279,-0.610159
96.7,-87.7168,-40.3866,-0.788904,-0.614516
96.8,-87.8197,-40.4755,-0.782968,-0.622062
96.9,-87.9215,-40.5653,-0.778699,-0.627398
97,-88.0231,-40.6556,-0.777369,-0.629045
97.1,-88.1242,-40.7462,-0.77569,-0.631114
97.2,-88.2247,-40.837,-0.774612,-0.632437
97.3,-88.3241,-40.9277,-0.773012,-0.634391
97.4,-88.4226,-41.0185,-0.771065,-0.636757
97.5,-88.5195,-41.1092,-0.768303,-0.640087
97.6,-88.6148,-41.2004,-0.764263,-0.644905
97.7,-88.7085,-41.2918,-0.7607,-0.649104
97.8,-88.8012,-41.3824,-0.761184,-0.648536
97.9,-88.8948,-41.472,-0.765387,-0.64357
98,-88.9887,-41.561,-0.768287,-0.640105
98.1,-89.0807,-41.6493,-0.766128,-0.642688
98.2,-89.1712,-41.7398,-0.757849,-0.65243
98.3,-89.2365,-41.8249,-0.710643,-0.703553
98.4,-89.3118,-41.9121,-0.731889,-0.681423
98.5,-89.3945,-42.0001,-0.748491,-0.663145
98.6,-89.4822,-42.0882,-0.7597,-0.650274
98.7,-89.5693,-42.1704,-0.774063,-0.633108
98.8,-89.6553,-42.2538,-0.769309,-0.638876
98.9,-89.7431,-42.3377,-0.771883,-0.635764
99,-89.8314,-42.4226,-0.770709,-0.637187
99.1,-89.9074,-42.5216,-0.705751,-0.70846
99.2,-89.9842,-42.6183,-0.714577,-0.699557
99.3,-90.0622,-42.7149,-0.718414,-0.695615
99.4,-90.1381,-42.8137,-0.708088,-0.706125
99.5,-90.2149,-42.907,-0.725636,-0.688079
99.6,-90.2889,-42.9982,-0.725085,-0.688659
99.7,-90.3424,-43.0882,-0.669637,-0.742688
99.8,-90.4021,-43.1785,-0.689486,-0.724299
99.9,-90.4574,-43.247,-0.743712,-0.6685
100,-90.5238,-43.3188,-0.763782,-0.645474
100.1,-90.5941,-43.3953,-0.760492,-0.649347
100.2,-90.6701,-43.5113,-0.670335,-0.742059
100.3,-90.7368,-43.6066,-0.69999,-0.714153
100.4,-90.8083,-43.697,-0.72726,-0.686362
100.5,-90.8549,-43.8307,-0.539112,-0.842234
100.6,-90.8973,-43.9556,-0.546485,-0.837469
100.7,-90.9507,-44.0691,-0.615618,-0.788045
100.8,-91.0125,-44.1726,-0.670773,-0.741663
100.9,-91.0735,-44.2663,-0.696907,-0.717161
101,-91.1292,-44.3102,-0.838686,-0.544616
101.1,-91.1682,-44.3463,-0.827273,-0.5618
101.2,-91.2242,-44.3906,-0.838617,-0.544721
101.3,-91.2758,-44.4429,-0.802044,-0.597264
101.4,-91.341,-44.5285,-0.734036,-0.67911
101.5,-91.4054,-44.6076,-0.751762,-0.659434
101.6,-91.4258,-44.6628,-0.689948,-0.723859
101.7,-91.4528,-44.7527,-0.593142,-0.805098
101.8,-91.5065,-44.8689,-0.619671,-0.784862
101.9,-91.5172,-45.0107,-0.392496,-0.919753
102,-91.5446,-45.1361,-0.503112,-0.864221
102.1,-91.5804,-45.2538,-0.559111,-0.829093
102.2,-91.616,-45.3777,-0.544786,-0.838575
102.3,-91.661,-45.4936,-0.60244,-0.798164
102.4,-91.7079,-45.6085,-0.613781,-0.789477
102.5,-91.748,-45.7005,-0.658152,-0.752885
102.6,-91.7962,-45.7992,-0.66747,-0.744636
102.7,-91.8469,-45.8971,-0.679884,-0.733319
102.8,-91.8986,-46.0032,-0.661119,-0.750281
102.9,-91.9426,-46.1564,-0.520593,-0.853805
103,-91.9927,-46.286,-0.598195,-0.801351
103.1,-92.0375,-46.4061,-0.607792,-0.794096
103.2,-92.0701,-46.5168,-0.590496,-0.80704
103.3,-92.1006,-46.6201,-0.60675,-0.794892
103.4,-92.1287,-46.7245,-0.596449,-0.802651
103.5,-92.1622,-46.8194,-0.649625,-0.760255
103.6,-92.1887,-46.8748,-0.771042,-0.636784
103.7,-92.2214,-46.9554,-0.698313,-0.715792
103.8,-92.229,-47.0454,-0.557494,-0.830181
103.9,-92.2453,-47.1333,-0.609999,-0.792403
104,-92.2444,-47.2155,-0.545263,-0.838265
104.1,-92.2626,-47.29,-0.67419,-0.738558
104.2,-92.2928,-47.36,-0.73985,-0.672772
104.3,-92.326,-47.4259,-0.767147,-0.641472
104.4,-92.3572,-47.4837,-0.793322,-0.608802
104.5,-92.3827,-47.547,-0.755194,-0.655502
104.6,-92.4005,-47.6328,-0.638946,-0.769251
104.7,-92.4351,-47.707,-0.748158,-0.663521
104.8,-92.4693,-47.7875,-0.726302,-0.687376
104.9,-92.5095,-47.8536,-0.797654,-0.603115
105,-92.5544,-47.9119,-0.837805,-0.54597
105.1,-92.6023,-47.9773,-0.821936,-0.569579
105.2,-92.6552,-48.0645,-0.765779,-0.643103
105.3,-92.6643,-48.1758,-0.526128,-0.850406
105.4,-92.6881,-48.2665,-0.664135,-0.747613
105.5,-92.7206,-48.344,-0.746543,-0.665338
105.6,-92.7231,-48.4423,-0.542342,-0.840158
105.7,-92.7475,-48.5234,-0.710105,-0.704096
105.8,-92.7843,-48.5969,-0.781666,-0.623697
105.9,-92.8372,-48.665,-0.840542,-0.541747
106,-92.8669,-48.7443,-0.742232,-0.670143
106.1,-92.9238,-48.8144,-0.845868,-0.533392
106.2,-92.9844,-48.8541,-0.936273,-0.351274
106.3,-93.0333,-48.9424,-0.773014,-0.634389
106.4,-93.0858,-48.9992,-0.882451,-0.470404
106.5,-93.1209,-49.0306,-0.936502,-0.350662
106.6,-93.1576,-49.0252,-0.999796,-0.0202193
106.7,-93.2396,-49.0408,-0.988392,-0.151926
106.8,-93.3039,-49.0096,-0.984908,0.173081
106.9,-93.3412,-48.9365,-0.853491,0.521107
107,-93.4129,-48.8721,-0.929873,0.367881
107.1,-93.3614,-48.8036,-0.287985,0.957635
107.2,-93.3014,-48.7843,-0.287985,0.957635
107.3,-93.2885,-48.7482,-0.905483,0.424383
107.4,-93.3304,-48.7104,-0.97003,0.242987
107.5,-93.364,-48.6931,-0.997712,0.067603
107.6,-93.3776,-48.6874,-0.998359,-0.0572688
107.7,-93.3887,-48.758,-0.703574,-0.710621
107.8,-93.4037,-48.7804,-0.933469,-0.358659
107.9,-93.4119,-48.8249,-0.81874,-0.574165
108,-93.4357,-48.8491,-0.940336,-0.340246
108.1,-93.4847,-48.8698,-0.969284,-0.245945
108.2,-93.5428,-48.9397,-0.849568,-0.527479
108.3,-93.6116,-49.0088,-0.871531,-0.490341
108.4,-93.6595,-49.0631,-0.882893,-0.469575
108.5,-93.6901,-49.0704,-0.988777,-0.149401
108.6,-93.7359,-49.0828,-0.984977,-0.172684
108.7,-93.776,-49.108,-0.957781,-0.287499
108.8,-93.8036,-49.1305,-0.955527,-0.294903
108.9,-93.8521,-49.1942,-0.856818,-0.51562
109,-93.9043,-49.1893,-0.999869,-0.0161815
109.1,-93.9717,-49.2319,-0.940223,-0.340558
109.2,-94.0334,-49.3275,-0.789291,-0.614019
109.3,-94.1236,-49.3457,-0.988884,-0.148688
109.4,-94.1582,-49.3531,-0.992073,-0.125666
109.5,-94.1444,-49.3243,-0.924716,0.380658
109.6,-94.1105,-49.3484,-0.766191,-0.642613
109.7,-94.1257,-49.3817,-0.90869,-0.417472
109.8,-94.1506,-49.3798,-0.999277,-0.0380313
109.9,-94.1583,-49.4023,-0.940211,-0.340592
110,-94.2203,-49.4185,-0.986992,-0.16077
110.1,-94.2094,-49.4301,-0.961501,-0.2748
110.2,-94.2032,-49.4765,-0.776777,-0.629776
110.3,-94.222,-49.495,-0.967547,-0.252691
110.4,-94.2698,-49.4944,-0.999428,-0.0338185
110.5,-94.3931,-49.5029,-0.997738,-0.0672203
110.6,-94.538,-49.5564,-0.965346,-0.260974
110.7,-94.6453,-49.5985,-0.967533,-0.252745
110.8,-94.7288,-49.6674,-0.903656,-0.428259
110.9,-94.7905,-49.6912,-0.979582,-0.201045
111,-94.8027,-49.7075,-0.973494,-0.228711
111.1,-94.8279,-49.7257,-0.976355,-0.216174
111.2,-94.8425,-49.7169,-0.997399,0.0720797
111.3,-94.8307,-49.6861,-0.900592,0.434665
111.4,-94.8945,-49.6542,-0.977666,0.210165
111.5,-95.0062,-49.6597,-0.998809,-0.0487957
111.6,-95.1266,-49.7616,-0.874928,-0.484253
111.7,-95.1372,-49.9567,-0.377706,-0.925925
111.8,-95.1642,-50.1211,-0.506927,-0.861989
111.9,-95.1987,-50.1973,-0.812724,-0.582648
112,-95.2386,-50.238,-0.943084,-0.332555
112.1,-95.2249,-50.2778,-0.833529,-0.552475
112.2,-95.2397,-50.3106,-0.943018,-0.332741
112.3,-95.2579,-50.3058,-0.995932,0.0901106
112.4,-95.2695,-50.3507,-0.890567,-0.454851
112.5,-95.2547,-50.3275,-0.899249,0.437437
112.6,-95.2844,-50.312,-0.98246,0.186471
112.7,-95.33,-50.4367,-0.688921,-0.724836
112.8,-95.3732,-50.5116,-0.849489,-0.527606
112.9,-95.3964,-50.5758,-0.845208,-0.534437
113,-95.4314,-50.6563,-0.814988,-0.579478
113.1,-95.4998,-50.7398,-0.874545,-0.484944
113.2,-95.5186,-50.874,-0.573293,-0.81935
113.3,-95.4642,-50.9983,-0.129654,-0.991559
113.4,-95.4266,-51.0754,-0.428811,-0.903394
113.5,-95.4483,-51.112,-0.963494,-0.26773
113.6,-95.4394,-51.1538,-0.893959,-0.448149
113.7,-95.4647,-51.207,-0.916613,-0.399775
113.8,-95.5087,-51.2973,-0.824086,-0.566465
113.9,-95.4755,-51.3971,-0.381287,-0.924457
114,-95.496,-51.5287,-0.605186,-0.796084
114.1,-95.5773,-51.6351,-0.855792,-0.51732
114.2,-95.5565,-51.6947,-0.743025,-0.669263
114.3,-95.5544,-51.7627,-0.793612,-0.608424
114.4,-95.5433,-51.7816,-0.999974,-0.00719665
114.5,-95.5425,-51.7405,-0.74504,0.66702
114.6,-95.535,-51.6893,-0.654346,0.756195
114.7,-95.4716,-51.7395,-0.131855,-0.991269
114.8,-95.4746,-51.7642,-0.995584,-0.0938744
114.9,-95.5156,-51.7586,-0.976697,0.214622
115,-95.5229,-51.7819,-0.997784,-0.0665403
115.1,-95.5513,-51.8525,-0.878771,-0.477244
115.2,-95.5328,-51.9903,-0.380808,-0.924654
115.3,-95.4711,-52.1428,-0.0396775,-0.999213
115.4,-95.4605,-52.1847,-0.941045,-0.33828
115.5,-95.4588,-52.2264,-0.957641,-0.287966
115.6,-95.5031,-52.2518,-0.999653,-0.0263573
115.7,-95.4998,-52.2924,-0.96261,-0.270891
115.8,-95.5174,-52.3539,-0.909538,-0.415622
115.9,-95.5525,-52.3977,-0.981172,-0.193135
116,-95.5668,-52.4869,-0.776751,-0.629808
116.1,-95.6157,-52.5411,-0.969352,-0.245676
116.2,-95.6983,-52.6321,-0.914879,-0.403729
116.3,-95.7356,-52.7442,-0.767446,-0.641114
116.4,-95.8162,-52.8313,-0.925912,-0.377739
116.5,-95.8901,-52.8697,-0.997772,-0.0667152
116.6,-95.9134,-52.9164,-0.981271,-0.192632
116.7,-95.9131,-52.9418,-0.996965,0.0778512
116.8,-95.9085,-52.8967,-0.61194,0.790904
116.9,-95.9543,-52.868,-0.880171,0.474656
117,-96.0272,-52.8262,-0.884445,0.466645
117.1,-96.0449,-52.7956,-0.801095,0.598537
117.2,-96.0683,-52.7726,-0.854255,0.519853
117.3,-96.0986,-52.8005,-0.99983,0.0184641
117.4,-96.0869,-52.8012,-0.869546,0.493852
117.5,-96.1099,-52.766,-0.797688,0.60307
117.6,-96.1445,-52.8104,-0.989017,-0.147803
117.7,-96.187,-52.7793,-0.864553,0.502542
117.8,-96.2125,-52.7664,-0.899703,0.436502
117.9,-96.218,-52.7994,-0.999164,-0.0408815
118,-96.238,-52.7846,-0.877547,0.47949
118.1,-96.2834,-52.7267,-0.775467,0.631389
118.2,-96.2778,-52.6912,-0.658971,0.752169
118.3,-96.2547,-52.6595,-0.547298,0.836938
118.4,-96.2665,-52.6256,-0.765713,0.643183
118.5,-96.2903,-52.6483,-0.997287,0.0736053
118.6,-96.3266,-52.5911,-0.755033,0.655687
118.7,-96.4037,-52.5558,-0.90958,0.415529
118.8,-96.4669,-52.5079,-0.854972,0.518674
118.9,-96.5114,-52.4949,-0.932286,0.361721
119,-96.5061,-52.4964,-0.905276,0.424823
119.1,-96.449,-52.4681,-0.113423,0.993547
119.2,-96.3659,-52.4651,0.519251,0.854622
119.3,-96.2622,-52.4717,0.878348,0.478021
119.4,-96.1833,-52.4505,0.287456,0.957794
119.5,-96.1467,-52.5103,-0.650535,-0.759476
119.6,-96.1613,-52.6213,-0.687463,-0.726219
119.7,-96.0531,-52.7249,0.509283,-0.860599
119.8,-95.9194,-52.8622,0.543491,-0.839415
119.9,-95.8077,-52.9546,0.611585,-0.791179
120,-95.757,-53.051,-0.184426,-0.982846
120.1,-95.7771,-53.0832,-0.999839,-0.0179298
120.2,-95.802,-53.0679,-0.883616,0.468212
120.3,-95.8621,-53.1523,-0.917292,-0.398216
120.4,-95.8817,-53.2444,-0.806025,-0.591881
120.5,-95.854,-53.2251,-0.548703,0.836017
120.6,-95.8759,-53.1999,-0.823926,0.566698
120.7,-95.9461,-53.21,-0.985948,0.167054
120.8,-96.0239,-53.2694,-0.982293,-0.187351
120.9,-96.0997,-53.2633,-0.960606,0.277912
121,-96.2273,-53.305,-0.999143,-0.0413961
121.1,-96.3573,-53.3087,-0.987016,0.160623
121.2,-96.446,-53.2338,-0.803715,0.595014
121.3,-96.4352,-53.1354,-0.348663,0.937248
121.4,-96.4129,-53.0223,-0.253871,0.967238
121.5,-96.3672,-52.9843,-0.216714,0.976235
121.6,-96.3364,-53.0244,-0.973328,-0.229417
121.7,-96.2953,-53.1364,-0.252849,-0.967506
121.8,-96.273,-53.1922,-0.869533,-0.493875
121.9,-96.2561,-53.2314,-0.993576,-0.113165
122,-96.2867,-53.2548,-0.993,0.118111
122.1,-96.307,-53.2555,-0.92255,0.385878
122.2,-96.3453,-53.3042,-0.990133,-0.140133
122.3,-96.3179,-53.331,-0.968193,0.250204
122.4,-96.291,-53.3756,-0.964494,-0.264104
122.5,-96.2606,-53.4727,-0.436627,-0.899643
122.6,-96.2393,-53.54,-0.779702,-0.626151
122.7,-96.253,-53.5958,-0.967367,-0.25338
122.8,-96.2812,-53.6183,-0.986219,0.165447
122.9,-96.298,-53.6508,-0.997936,0.0642104
123,-96.3409,-53.6407,-0.905229,0.424923
123.1,-96.4174,-53.5936,-0.846949,0.531674
123.2,-96.4865,-53.497,-0.689439,0.724344
123.3,-96.58,-53.4186,-0.796187,0.60505
123.4,-96.6861,-53.4068,-0.958621,0.284686
123.5,-96.8049,-53.4053,-0.976411,0.215922
123.6,-96.9328,-53.3546,-0.902372,0.430959
123.7,-97.0404,-53.3443,-0.959115,0.283017
123.8,-97.1303,-53.2686,-0.79015,0.612914
123.9,-97.2406,-53.1895,-0.818624,0.57433
124,-97.358,-53.1599,-0.931363,0.364092
124.1,-97.4919,-53.1774,-0.993565,0.113267
124.2,-97.5718,-53.1982,-0.989979,0.141213
124.3,-97.5737,-53.3675,-0.415447,-0.909617
124.4,-97.5117,-53.5078,0.0644485,-0.997921
124.5,-97.39,-53.5614,0.987647,-0.156697
124.6,-97.3422,-53.4727,-0.0579025,0.998322
124.7,-97.3357,-53.2712,-0.199549,0.979888
124.8,-97.1755,-53.1559,0.551861,0.833936
124.9,-97.0389,-53.037,0.444185,0.895935
125,-96.8752,-52.9609,0.678383,0.734708
125.1,-96.7525,-52.9685,0.914824,0.403854
125.2,-96.6512,-53.078,0.473948,-0.880553
125.3,-96.638,-53.0606,-0.671782,0.740749
125.4,-96.7149,-53.0086,-0.84615,0.532945
125.5,-96.7643,-53.0139,-0.966513,0.256616
125.6,-96.839,-53.0553,-0.99888,-0.0473236
125.7,-96.9172,-53.0668,-0.98516,0.171639
125.8,-96.953,-53.1918,-0.733159,-0.680057
125.9,-96.9286,-53.2656,-0.691612,-0.722269
126,-96.8993,-53.2504,-0.486011,0.873953
126.1,-96.9248,-53.1923,-0.66204,0.749469
126.2,-96.866,-53.2092,-0.0252109,0.999682
126.3,-96.8279,-53.1817,-0.312535,0.949906
126.4,-96.7999,-53.1529,-0.434554,0.900646
126.5,-96.8015,-53.1644,-0.927331,0.374243
126.6,-96.7599,-53.1519,-0.347812,0.937564
126.7,-96.7924,-53.085,-0.668269,0.74392
126.8,-96.8052,-53.0338,-0.643378,0.765549
126.9,-96.8562,-53.0362,-0.959098,0.283073
127,-96.9132,-53.0077,-0.877702,0.479207
127.1,-97.0075,-53.0083,-0.975269,0.221022
127.2,-97.0255,-52.9876,-0.808125,0.58901
127.3,-97.0648,-53.0512,-0.963532,-0.267592
127.4,-97.0859,-53.0141,-0.737236,0.675636
127.5,-97.167,-52.8626,-0.599097,0.800676
127.6,-97.3941,-52.7265,-0.858389,0.513
127.7,-97.514,-52.6303,-0.806722,0.590931
127.8,-97.6015,-52.6319,-0.974899,0.222647
127.9,-97.6322,-52.6053,-0.823605,0.567164
128,-97.5793,-52.7071,-0.10763,-0.994191
128.1,-97.59,-52.6871,-0.779764,0.626073
128.2,-97.6118,-52.7061,-0.977834,0.209381
128.3,-97.5892,-52.8138,-0.462091,-0.886833
128.4,-97.5144,-52.9524,0.154208,-0.988038
128.5,-97.4242,-52.9806,0.95102,0.30913
128.6,-97.348,-53.0073,0.836956,0.547271
128.7,-97.307,-52.9985,-0.354626,0.935008
128.8,-97.3629,-53.0117,-0.978111,0.208084
128.9,-97.4115,-53.0123,-0.943812,0.330482
129,-97.3647,-53.0981,-0.239611,-0.970869
129.1,-97.3241,-53.1835,-0.354041,-0.93523
129.2,-97.2673,-53.1945,-0.0354915,0.99937
129.3,-97.1824,-53.2294,0.987827,0.155556
129.4,-97.1383,-53.2465,-0.538068,0.842902
129.5,-97.066,-53.2814,-0.538068,0.842902
129.6,-97.0277,-53.4178,-0.199916,-0.979813
129.7,-97.0219,-53.4736,-0.955251,-0.295795
129.8,-97.0526,-53.3441,-0.461023,0.887388
129.9,-97.1667,-53.3577,-0.989059,0.14752
130,-97.3315,-53.3922,-0.999707,0.0241885
130.1,-97.4169,-53.459,-0.984031,-0.177997
130.2,-97.5047,-53.362,-0.718144,0.695895
130.3,-97.5875,-53.3582,-0.94998,0.312311
130.4,-97.5826,-53.4365,-0.81725,-0.576283
130.5,-97.5411,-53.4915,-0.751105,-0.660182
130.6,-97.5418,-53.5732,-0.822906,-0.568177
130.7,-97.5005,-53.6262,-0.821859,-0.56969
130.8,-97.3962,-53.6624,0.988137,0.153573
130.9,-97.3327,-53.6814,0.337464,0.941339
131,-97.2692,-53.7,0.323609,0.946191
131.1,-97.1416,-53.7655,0.955631,-0.294567
131.2,-96.971,-53.8566,0.922508,-0.385978
131.3,-96.8069,-53.9545,0.891007,-0.453991
131.4,-96.7053,-53.9077,0.457242,0.889342
131.5,-96.6451,-53.8965,0.0743563,0.997232
131.6,-96.7489,-53.8779,-0.936926,0.349527
131.7,-96.7954,-53.7939,-0.633387,0.773835
131.8,-96.8159,-53.7495,-0.669087,0.743184
131.9,-96.8257,-53.8028,-0.983476,-0.181041
132,-96.7956,-53.8198,-0.733024,0.680202
132.1,-96.7821,-53.8612,-1,0.000196592
132.2,-96.8395,-53.9041,-0.999942,-0.0107607
132.3,-96.8737,-54.108,-0.486721,-0.873557
132.4,-96.9582,-54.2552,-0.80244,-0.596733
132.5,-97.0499,-54.3733,-0.893639,-0.448786
132.6,-97.2033,-54.4528,-0.987259,-0.159123
132.7,-97.336,-54.5048,-0.999712,-0.0239862
132.8,-97.4325,-54.5847,-0.978082,-0.208221
132.9,-97.5477,-54.6193,-0.995882,0.0906633
133,-97.5753,-54.6347,-0.908663,0.41753
133.1,-97.4708,-54.5612,0.412165,0.911109
133.2,-97.3919,-54.4801,0.220253,0.975443
133.3,-97.376,-54.358,-0.196492,0.980505
133.4,-97.4662,-54.3156,-0.842195,0.539174
133.5,-97.694,-54.3419,-0.996895,0.0787453
133.6,-97.87,-54.4254,-0.988969,-0.148126
133.7,-97.8869,-54.5752,-0.548101,-0.836412
133.8,-97.9083,-54.7286,-0.558548,-0.829472
133.9,-97.9525,-54.8716,-0.706862,-0.707351
134,-98.0756,-54.9666,-0.971202,-0.238257
134.1,-98.1486,-55.106,-0.809475,-0.587154
134.2,-98.209,-55.2064,-0.917036,-0.398805
134.3,-98.2203,-55.3015,-0.806399,-0.591372
134.4,-98.2013,-55.3501,-0.932438,0.361331
134.5,-98.2103,-55.3478,-0.640249,0.768168
134.6,-98.2418,-55.326,-0.674016,0.738717
134.7,-98.1572,-55.2677,0.358161,0.93366
134.8,-98.0411,-55.2504,0.711609,0.702575
134.9,-98.0653,-55.1315,-0.355141,0.934813
135,-98.0265,-55.0098,-0.0211136,0.999777
135.1,-97.9127,-54.9413,0.494996,0.868896
135.2,-97.8409,-54.9396,0.439347,0.898317
135.3,-97.8202,-54.9254,-0.339785,0.940503
135.4,-97.812,-54.961,-0.90134,0.433112
135.5,-97.7407,-55.0521,0.569158,-0.822228
135.6,-97.5868,-55.0219,0.792677,0.609641
135.7,-97.4862,-54.8839,0.27438,0.961621
135.8,-97.3996,-54.8517,0.423361,0.905961
135.9,-97.3999,-54.8827,-0.925891,0.377791
136,-97.4695,-54.9267,-0.998246,0.0591954
136.1,-97.523,-54.958,-0.980505,0.196492
136.2,-97.6331,-54.9939,-0.994814,0.101707
136.3,-97.6835,-55.0964,-0.888592,-0.458699
136.4,-97.721,-55.2176,-0.773556,-0.633728
136.5,-97.7673,-55.2344,-0.924819,0.380409
136.6,-97.7079,-55.2498,0.365155,0.930947
136.7,-97.6912,-55.2485,-0.444725,0.895667
136.8,-97.7347,-55.251,-0.86232,0.506363
136.9,-97.7458,-55.2679,-0.827855,0.560943
137,-97.7788,-55.3189,-0.99899,0.0449229
137.1,-97.8633,-55.3911,-0.990877,-0.134772
137.2,-97.9705,-55.3935,-0.942349,0.334631
137.3,-98.0295,-55.4462,-0.999444,0.0333556
137.4,-98.1157,-55.4924,-0.996731,0.0807858
137.5,-98.1903,-55.557,-0.997901,-0.0647551
137.6,-98.298,-55.5749,-0.965164,0.261646
137.7,-98.3,-55.547,-0.427078,0.904215
137.8,-98.3588,-55.5102,-0.716891,0.697186
137.9,-98.3288,-55.5902,-0.368439,-0.929652
138,-98.2715,-55.7389,0.205498,-0.978658
138.1,-98.189,-55.8242,0.857866,-0.513873
138.2,-98.139,-55.9059,0.44913,-0.893466
138.3,-98.139,-55.9846,-0.884712,-0.466138
138.4,-98.1012,-56.0294,-0.884712,-0.466138
138.5,-98.0998,-55.9876,-0.341823,0.939764
138.6,-98.1003,-55.8854,-0.234078,0.972218
138.7,-97.9259,-55.7436,0.561075,0.827765
138.8,-97.7697,-55.6199,0.539239,0.842152
138.9,-97.6526,-55.5148,0.422226,0.906491
139,-97.6602,-55.3978,-0.283775,0.958891
139.1,-97.7379,-55.3854,-0.875971,0.482363
139.2,-97.9044,-55.452,-0.998448,-0.0556987
139.3,-97.9573,-55.5725,-0.827262,-0.561817
139.4,-98.0506,-55.6722,-0.952186,-0.305518
139.5,-98.2506,-55.6467,-0.945174,0.326567
139.6,-98.3052,-55.6806,-0.967267,0.253759
139.7,-98.3263,-55.7176,-0.939368,0.342911
139.8,-98.3509,-55.6484,-0.437632,0.899154
139.9,-98.2999,-55.5699,0.0940781,0.995565
140,-98.3853,-55.591,-0.957862,0.287228
140.1,-98.3886,-55.5884,-0.558022,0.829826
140.2,-98.4058,-55.6338,-0.97191,0.235354
140.3,-98.4272,-55.7162,-0.929747,-0.368199
140.4,-98.479,-55.8368,-0.823864,-0.566788
140.5,-98.4684,-55.9609,-0.369505,-0.929229
140.6,-98.5131,-55.9734,-0.859703,0.510794
140.7,-98.5682,-55.9127,-0.598014,0.801486
140.8,-98.5839,-55.9063,-0.604965,0.796252
140.9,-98.5877,-55.9105,-0.566487,0.824071
141,-98.5796,-55.9559,-0.870021,0.493015
141.1,-98.5124,-55.933,0.361174,0.932498
141.2,-98.4569,-55.9198,0.261846,0.96511
141.3,-98.3712,-55.8688,0.408909,0.912575
141.4,-98.2872,-55.8233,0.410014,0.912079
141.5,-98.2486,-55.7875,0.00951945,0.999955
141.6,-98.2184,-55.8691,-0.32556,-0.945521
141.7,-98.3152,-55.9398,-0.996162,-0.0875336
141.8,-98.3781,-55.9772,-0.97647,0.215653
141.9,-98.3139,-55.9783,0.42893,0.903338
142,-98.2693,-55.9461,0.0851106,0.996371
142.1,-98.2572,-55.9833,-0.751843,0.659342
142.2,-98.2484,-56.0218,-0.804856,0.59347
142.3,-98.2659,-56.0609,-0.937094,0.349077
142.4,-98.2996,-56.0593,-0.75463,0.656151
142.5,-98.3448,-56.0953,-0.960339,0.278836
142.6,-98.3364,-56.0677,-0.300224,0.953869
142.7,-98.4353,-56.0394,-0.837162,0.546955
142.8,-98.5735,-55.9684,-0.79792,0.602763
142.9,-98.6588,-55.9879,-0.945775,0.324823
143,-98.7623,-55.9722,-0.873304,0.487177
143.1,-98.7771,-55.9218,-0.395395,0.918511
143.2,-98.848,-55.9065,-0.805622,0.59243
143.3,-98.9545,-55.8981,-0.893243,0.449574
143.4,-99.0574,-55.8856,-0.875154,0.483844
143.5,-99.1857,-55.9907,-0.966443,-0.256881
143.6,-99.1827,-56.0906,-0.590785,-0.806829
143.7,-99.0117,-56.116,0.965595,0.26005
143.8,-99.0473,-56.2046,-0.932443,-0.361317
143.9,-99.1718,-56.33,-0.927705,-0.373313
144,-99.2626,-56.336,-0.899733,0.43644
144.1,-99.2825,-56.2924,-0.404112,0.91471
144.2,-99.286,-56.2497,-0.281014,0.959704
144.3,-99.2225,-56.1721,0.243693,0.969853
144.4,-99.1415,-56.1649,0.592967,0.805227
144.5,-99.0379,-56.1614,0.741549,0.670898
144.6,-98.9076,-56.0897,0.596033,0.80296
144.7,-98.8465,-56.0512,0.279203,0.960232
144.8,-98.8083,-56.0114,0.0580834,0.998312
144.9,-98.7238,-55.978,0.476899,0.878958
145,-98.6819,-55.9448,0.0866281,0.996241
145.1,-98.6175,-55.9835,0.804011,0.594615
145.2,-98.5951,-56.0483,0.804011,0.594615
145.3,-98.5301,-56.1392,0.71634,-0.697752
145.4,-98.5119,-56.1657,-0.427221,0.904147
145.5,-98.6537,-56.2631,-0.979188,-0.202954
145.6,-98.6751,-56.3696,-0.7719,-0.635744
145.7,-98.682,-56.4419,-0.968139,-0.250412
145.8,-98.718,-56.4134,-0.599667,0.800249
145.9,-98.7952,-56.3808,-0.754875,0.655868
146,-98.7684,-56.3265,-0.0390095,0.999239
146.1,-98.7375,-56.3019,-0.0113224,0.999936
146.2,-98.7555,-56.276,-0.494865,0.86897
146.3,-98.8178,-56.2239,-0.637265,0.770645
146.4,-98.8908,-56.1054,-0.501369,0.865234
146.5,-98.9769,-55.9929,-0.558804,0.8293
146.6,-99.1129,-55.8813,-0.693581,0.720379
146.7,-99.171,-55.9254,-0.978587,0.205832
146.8,-99.1493,-56.1113,-0.0682871,-0.997666
146.9,-99.0246,-56.1799,0.998546,-0.0539033
147,-98.9711,-56.2374,0.97256,0.232653
147.1,-99.0787,-56.3617,-0.914039,-0.405627
147.2,-99.1869,-56.358,-0.898045,0.439904
147.3,-99.1981,-56.422,-1,-0.000567189
147.4,-99.1493,-56.4999,0.834893,-0.550412
147.5,-99.1791,-56.5557,-0.989869,0.141985
147.6,-99.2023,-56.593,-0.883279,0.468848
147.7,-99.1976,-56.6224,-0.544152,0.838986
147.8,-99.1834,-56.6765,-0.781953,0.623338
147.9,-99.2075,-56.7423,-0.999649,-0.0264909
148,-99.1608,-56.7559,0.363656,0.931533
148.1,-99.1228,-56.7952,0.396022,0.918241
148.2,-99.1382,-56.7952,-0.552585,0.833456
148.3,-99.0917,-56.9339,0.251597,-0.967832
148.4,-98.9893,-56.983,0.979525,0.201321
148.5,-98.9498,-57.0718,0.434512,-0.900666
148.6,-99.0088,-57.1168,-0.97616,0.217053
148.7,-99.0329,-57.126,-0.679356,0.733809
148.8,-98.9977,-57.0441,0.0561952,0.99842
148.9,-98.8352,-56.9994,0.777804,0.628507
149,-98.7789,-57.0237,0.570402,0.821366
149.1,-98.773,-57.077,-0.914077,0.405541
149.2,-98.754,-57.1488,-0.914077,0.405541
149.3,-98.7787,-57.1376,-0.582392,0.812908
149.4,-98.8085,-57.1175,-0.57245,0.81994
149.5,-98.8474,-57.1358,-0.828914,0.559376
149.6,-98.881,-57.2038,-0.997903,-0.0647252
149.7,-98.8257,-57.283,0.878729,-0.477321
149.8,-98.7592,-57.3444,0.997285,0.0736356
149.9,-98.7161,-57.4853,0.189551,-0.981871
150,-98.729,-57.6388,-0.416991,-0.908911
150.1,-98.6986,-57.7671,0.0437824,-0.999041
150.2,-98.7178,-57.8889,-0.630342,-0.776318
150.3,-98.6993,-57.9782,-0.321343,-0.946963
150.4,-98.7947,-58.0195,-0.982227,0.187696
150.5,-98.9283,-58.0312,-0.94845,0.316928
150.6,-99.0467,-58.0609,-0.97043,0.241383
150.7,-99.2005,-58.0554,-0.928343,0.371724
150.8,-99.3466,-58.0993,-0.991458,0.130428
150.9,-99.429,-58.064,-0.715311,0.698806
151,-99.4244,-58.135,-0.967953,-0.251132
151.1,-99.4558,-58.2083,-0.992458,-0.122584
151.2,-99.5194,-58.2426,-0.932898,0.360139
151.3,-99.5863,-58.2978,-0.990981,0.134001
151.4,-99.6397,-58.3629,-0.999579,0.0290024
151.5,-99.6938,-58.4177,-0.985535,0.169474
151.6,-99.7051,-58.4469,-0.612858,0.790193
151.7,-99.7005,-58.4202,-0.14455,0.989498
151.8,-99.6611,-58.364,0.166655,0.986015
151.9,-99.6312,-58.2964,0.0817522,0.996653
152,-99.6394,-58.2967,-0.378806,0.925476
152.1,-99.6216,-58.2517,-0.012186,0.999926
152.2,-99.6531,-58.194,-0.376917,0.926247
152.3,-99.6956,-58.1202,-0.400965,0.916093
152.4,-99.7226,-58.0205,-0.266154,0.96393
152.5,-99.7023,-57.9163,0.00673677,0.999977
152.6,-99.7063,-57.8919,-0.248642,0.968596
152.7,-99.6597,-57.9475,0.919203,0.393784
152.8,-99.5768,-57.9795,0.87379,0.486304
152.9,-99.5203,-57.9139,0.262782,0.964855
153,-99.4984,-57.9329,0.0197872,0.999804
153.1,-99.5326,-58.0717,-0.607563,-0.794271
153.2,-99.5068,-58.1118,0.19178,0.981438
153.3,-99.5371,-58.1436,-0.822628,0.568579
153.4,-99.5699,-58.1529,-0.676873,0.7361
153.5,-99.5881,-58.1813,-0.702792,0.711395
153.6,-99.6001,-58.1741,-0.393306,0.919408
153.7,-99.577,-58.2024,0.0865272,0.996249
153.8,-99.6039,-58.2244,-0.719663,0.694323
153.9,-99.6057,-58.2768,-0.821201,0.570639
154,-99.6131,-58.2753,-0.363276,0.931682
154.1,-99.6315,-58.3291,-0.942407,0.334467
154.2,-99.5824,-58.418,0.811191,-0.584782
154.3,-99.5418,-58.5358,0.388313,-0.921528
154.4,-99.4562,-58.549,0.774441,0.632646
154.5,-99.364,-58.6589,0.860325,-0.509745
154.6,-99.2289,-58.6999,0.975322,0.220787
154.7,-99.1113,-58.6344,0.589214,0.807977
154.8,-99.1382,-58.6681,-0.832513,0.554006
154.9,-99.1821,-58.6622,-0.672748,0.739871
155,-99.196,-58.6159,-0.300517,0.953776
155.1,-99.1404,-58.5988,0.376173,0.92655
155.2,-99.0976,-58.5509,0.177972,0.984036
155.3,-98.9994,-58.5485,0.740838,0.671684
155.4,-98.9214,-58.612,0.998926,0.0463282
155.5,-98.8711,-58.6899,0.912536,-0.408996
155.6,-98.8403,-58.7576,0.912536,-0.408996
155.7,-98.8057,-58.765,0.18175,0.983345
155.8,-98.8102,-58.7226,-0.254631,0.967038
155.9,-98.7873,-58.6987,-0.011896,0.999929
156,-98.6773,-58.7131,0.858062,0.513546
156.1,-98.5627,-58.7329,0.891446,0.453126
156.2,-98.4844,-58.755,0.77437,0.632733
156.3,-98.4784,-58.7984,-0.682192,0.731173
156.4,-98.4316,-58.8705,0.946931,-0.321436
156.5,-98.3987,-58.9235,0.946931,-0.321436
156.6,-98.4379,-58.9512,-0.869052,0.49472
156.7,-98.4906,-59.0354,-0.971571,-0.236749
156.8,-98.5057,-59.1433,-0.688613,-0.725129
156.9,-98.5386,-59.1963,-0.977743,0.209808
157,-98.5643,-59.2492,-0.970024,0.243008
157.1,-98.584,-59.2886,-0.85938,0.511337
157.2,-98.6002,-59.313,-0.698887,0.715232
157.3,-98.6221,-59.3143,-0.580531,0.814238
157.4,-98.6158,-59.3043,-0.225108,0.974334
157.5,-98.6321,-59.2609,-0.346013,0.93823
157.6,-98.6776,-59.2125,-0.519353,0.85456
157.7,-98.6879,-59.1286,-0.221829,0.975085
157.8,-98.6851,-59.0282,-0.125795,0.992056
157.9,-98.7306,-58.9409,-0.414014,0.910271
158,-98.7688,-58.9032,-0.515307,0.857006
158.1,-98.8456,-58.8665,-0.700996,0.713166
158.2,-98.8719,-58.7661,-0.2866,0.95805
158.3,-98.8215,-58.7398,0.279421,0.960169
158.4,-98.7102,-58.8538,0.875565,-0.483101
158.5,-98.5703,-58.8654,0.905627,0.424075
158.6,-98.4638,-58.8399,0.666867,0.745176
158.7,-98.4268,-58.8203,0.129196,0.991619
158.8,-98.4797,-58.7848,-0.619518,0.784983
158.9,-98.5402,-58.6865,-0.468437,0.883497
159,-98.6614,-58.5902,-0.673555,0.739137
159.1,-98.8996,-58.5658,-0.946763,0.321932
159.2,-99.0397,-58.5884,-0.96706,0.254547
159.3,-99.0827,-58.5719,-0.622227,0.782837
159.4,-99.1169,-58.5537,-0.55758,0.830123
159.5,-99.1902,-58.5044,-0.63759,0.770376
159.6,-99.2929,-58.4955,-0.855991,0.51699
159.7,-99.4083,-58.4437,-0.755472,0.655181
159.8,-99.4574,-58.4304,-0.655521,0.755177
159.9,-99.4346,-58.4723,0.102527,0.99473
160,-99.5101,-58.3699,-0.492058,0.870562
160.1,-99.6349,-58.2756,-0.667735,0.744399
160.2,-99.6911,-58.2234,-0.533813,0.845603
160.3,-99.7022,-58.17,-0.240967,0.970533
160.4,-99.715,-58.1684,-0.417991,0.908451
160.5,-99.7292,-58.2294,-0.981757,0.190138
160.6,-99.7282,-58.2458,-0.326128,0.945325
160.7,-99.7237,-58.2112,-0.137422,0.990513
160.8,-99.6945,-58.1851,0.1116,0.993753
160.9,-99.7106,-58.2168,-0.700884,0.713275
161,-99.7496,-58.1957,-0.54706,0.837094
161.1,-99.7779,-58.1721,-0.457272,0.889327
161.2,-99.7961,-58.1371,-0.335084,0.942188
161.3,-99.766,-58.0809,0.0944974,0.995525
161.4,-99.7263,-57.9833,0.126417,0.991977
161.5,-99.7033,-57.9099,0.0275901,0.999619
161.6,-99.705,-57.9234,-0.36733,0.930091
161.7,-99.6697,-57.9729,0.664547,0.747246
161.8,-99.5986,-57.9876,0.701085,0.713078
161.9,-99.5509,-57.9576,0.272297,0.962213
162,-99.5354,-57.9602,-0.0786001,0.996906
162.1,-99.5138,-58.0144,-0.0786001,0.996906
162.2,-99.478,-58.001,0.185274,0.982687
162.3,-99.4691,-57.9598,-0.111527,0.993761
162.4,-99.4114,-57.9317,0.358933,0.933363
162.5,-99.403,-57.9365,-0.21035,0.977626
162.6,-99.3084,-57.9424,0.768262,0.640135
162.7,-99.2782,-57.946,0.12235,0.992487
162.8,-99.2513,-57.9452,0.0624029,0.998051
162.9,-99.1673,-57.9464,0.68526,0.728299
163,-99.0879,-57.912,0.486646,0.873599
163.1,-99.0366,-57.8272,0.177288,0.984159
163.2,-98.9186,-57.7698,0.604226,0.796813
163.3,-98.8009,-57.7413,0.700894,0.713266
163.4,-98.7218,-57.7372,0.60595,0.795502
163.5,-98.6557,-57.7395,0.52892,0.848672
163.6,-98.551,-57.742,0.779759,0.62608
163.7,-98.4423,-57.7356,0.751887,0.659292
163.8,-98.4039,-57.7214,0.117388,0.993086
163.9,-98.4439,-57.7437,-0.860454,0.509529
164,-98.4932,-57.7859,-0.964911,0.262577
164.1,-98.5067,-57.8965,-0.670194,-0.742186
164.2,-98.4004,-58.0164,0.812534,-0.582913
164.3,-98.3016,-58.136,0.783029,-0.621985
164.4,-98.2533,-58.1321,0.274687,0.961534
164.5,-98.2746,-58.0441,-0.316719,0.948519
164.6,-98.3186,-57.9141,-0.354756,0.934959
164.7,-98.2479,-57.7314,0.165081,0.98628
164.8,-98.1109,-57.6065,0.492769,0.87016
164.9,-98.0219,-57.5403,0.406268,0.913754
165,-98.0014,-57.4364,-0.0735918,0.997288
165.1,-97.9341,-57.3376,0.208736,0.977972
165.2,-97.8598,-57.3117,0.420121,0.907468
165.3,-97.7938,-57.33,0.594477,0.804112
165.4,-97.7987,-57.2801,-0.337869,0.941193
165.5,-97.8827,-57.2816,-0.895584,0.444893
165.6,-97.9764,-57.2385,-0.776484,0.630137
165.7,-97.9841,-57.3171,-0.923375,-0.3839
165.8,-97.9546,-57.3419,-0.112821,0.993615
165.9,-97.9228,-57.3167,-0.0225167,0.999746
166,-97.8912,-57.3294,-0.0523015,0.998631
166.1,-97.8666,-57.3354,-0.17103,0.985266
166.2,-97.8529,-57.3032,-0.216394,0.976306
166.3,-97.7901,-57.281,0.32078,0.947154
166.4,-97.7357,-57.1683,0.111126,0.993806
166.5,-97.7468,-57.0069,-0.207083,0.978323
166.6,-97.7277,-56.864,-0.0845489,0.996419
166.7,-97.6848,-56.8697,0.109406,0.993997
166.8,-97.6767,-56.9491,-0.822761,-0.568388
166.9,-97.6999,-57.0068,-0.999593,0.0285136
167,-97.7025,-57.019,-0.636671,0.771135
167.1,-97.7519,-57.0144,-0.800672,0.599102
167.2,-97.8156,-57.021,-0.882713,0.469913
167.3,-97.879,-56.9545,-0.616565,0.787304
167.4,-97.9256,-56.7774,-0.327602,0.944816
167.5,-97.9246,-56.7697,-0.460361,0.887732
167.6,-97.9146,-56.8156,-0.879761,0.475416
167.7,-97.9578,-56.8409,-0.916033,0.401102
167.8,-98.0497,-56.8548,-0.939879,0.341507
167.9,-97.9969,-56.8127,0.171685,0.985152
168,-97.8716,-56.8605,0.990491,0.137578
168.1,-97.7838,-56.922,0.999602,-0.0281966
168.2,-97.7273,-56.9465,0.49344,0.86978
168.3,-97.7653,-56.8924,-0.548721,0.836006
168.4,-97.8238,-56.8921,-0.846051,0.533103
168.5,-97.88,-56.7711,-0.455215,0.890382
168.6,-97.8748,-56.6552,-0.174721,0.984618
168.7,-97.8838,-56.5108,-0.219599,0.97559
168.8,-97.817,-56.5259,0.553864,0.832607
168.9,-97.8145,-56.4678,-0.288372,0.957518
169,-97.8189,-56.4218,-0.375525,0.926812
169.1,-97.7242,-56.3664,0.443814,0.896119
169.2,-97.6015,-56.2657,0.466479,0.884533
169.3,-97.6243,-56.1919,-0.433099,0.901346
169.4,-97.7003,-56.1612,-0.798292,0.602271
169.5,-97.6947,-56.197,-0.847201,0.531273
169.6,-97.7242,-56.1589,-0.588365,0.808595
169.7,-97.7681,-56.1416,-0.746071,0.665866
169.8,-97.8865,-56.1369,-0.93014,0.367205
169.9,-98.0159,-56.116,-0.905373,0.424618
170,-98.0176,-56.0829,-0.39813,0.917329
170.1,-97.9299,-56.0348,0.41952,0.907746
170.2,-97.8113,-56.0259,0.764969,0.644067
170.3,-97.7684,-56.1682,0.0350315,-0.999386
170.4,-97.7224,-56.2587,0.191486,-0.981495
170.5,-97.6951,-56.2283,-0.136943,0.990579
170.6,-97.7453,-56.2834,-0.999629,0.0272524
170.7,-97.8031,-56.3472,-0.998254,-0.0590749
170.8,-97.7798,-56.4736,-0.219887,-0.975525
170.9,-97.7395,-56.5048,0.074634,0.997211
171,-97.7016,-56.448,-0.00399362,0.999992
171.1,-97.7006,-56.4043,-0.348059,0.937473
171.2,-97.7375,-56.3656,-0.616832,0.787095
171.3,-97.7892,-56.2728,-0.514796,0.857313
171.4,-97.7912,-56.2234,-0.356339,0.934357
171.5,-97.7354,-56.259,0.594116,0.804379
171.6,-97.682,-56.3298,0.735733,-0.677272
171.7,-97.6651,-56.3651,-0.707917,0.706296
171.8,-97.6215,-56.397,0.160002,0.987117
171.9,-97.6501,-56.3053,-0.415004,0.909819
172,-97.7069,-56.1171,-0.365768,0.930706
172.1,-97.7435,-56.0801,-0.631325,0.775518
172.2,-97.795,-56.099,-0.922124,0.386894
172.3,-97.8151,-55.9717,-0.307564,0.951528
172.4,-97.9021,-55.8856,-0.663414,0.748252
172.5,-98.0344,-55.7952,-0.758909,0.651197
172.6,-98.1197,-55.786,-0.881357,0.47245
172.7,-98.2287,-55.8538,-0.997877,-0.0651323
172.8,-98.3396,-55.8683,-0.958467,0.285204
172.9,-98.425,-55.7678,-0.607746,0.794131
173,-98.544,-55.7076,-0.793268,0.608873
173.1,-98.576,-55.6494,-0.500373,0.86581
173.2,-98.6717,-55.6116,-0.803905,0.594758
173.3,-98.7797,-55.5584,-0.784938,0.619574
173.4,-98.8903,-55.5408,-0.881216,0.472714
173.5,-98.9601,-55.5666,-0.947216,0.320597
173.6,-99.0277,-55.6283,-0.999998,-0.00200154
173.7,-98.9928,-55.5338,0.0138841,0.999904
173.8,-99.0398,-55.5251,-0.753025,0.657992
173.9,-99.1028,-55.592,-0.998571,-0.0534367
174,-99.1135,-55.6391,-0.944049,0.329804
174.1,-99.1106,-55.518,-0.156488,0.98768
174.2,-99.1248,-55.4401,-0.316412,0.948622
174.3,-99.1459,-55.3936,-0.444145,0.895955
174.4,-99.1594,-55.4437,-0.969115,0.24661
174.5,-99.1163,-55.5449,0.264231,-0.964459
174.6,-99.0547,-55.5596,0.525369,0.850875
174.7,-98.9398,-55.4431,0.418045,0.908426
174.8,-98.9458,-55.4244,-0.451003,0.892522
174.9,-98.8328,-55.4618,0.957728,0.287675
175,-98.664,-55.497,0.982525,0.186131
175.1,-98.5369,-55.4679,0.71404,0.700105
175.2,-98.5772,-55.3943,-0.505408,0.86288
175.3,-98.6673,-55.3469,-0.767704,0.640804
175.4,-98.6487,-55.2972,-0.166884,0.985977
175.5,-98.5768,-55.3054,0.561018,0.827803
175.6,-98.5422,-55.2248,-0.024207,0.999707
175.7,-98.5479,-55.1737,-0.375744,0.926724
175.8,-98.5636,-55.1297,-0.470762,0.88226
175.9,-98.5734,-55.0184,-0.276425,0.961035
176,-98.578,-54.8953,-0.236461,0.971641
176.1,-98.596,-54.89,-0.679828,0.733371
176.2,-98.5241,-54.8335,0.269729,0.962936
176.3,-98.4991,-54.7666,-0.127821,0.991797
176.4,-98.4598,-54.7506,-0.0283007,0.999599
176.5,-98.4769,-54.836,-0.895748,-0.444562
176.6,-98.479,-54.8743,-0.921551,0.388258
176.7,-98.4617,-55.0347,-0.222626,-0.974904
176.8,-98.4294,-55.1555,-0.124462,-0.992224
176.9,-98.4575,-55.254,-0.856519,-0.516115
177,-98.4241,-55.2188,-0.0618585,0.998085
177.1,-98.3643,-55.2227,0.351447,0.936208
177.2,-98.2408,-55.2873,0.996406,-0.0847029
177.3,-98.1815,-55.2239,0.153585,0.988135
177.4,-98.1012,-55.1891,0.393527,0.919313
177.5,-97.9398,-55.245,0.999999,0.000995341
177.6,-97.7366,-55.3135,0.996641,-0.0818915
177.7,-97.6496,-55.351,0.930011,0.367532
177.8,-97.6083,-55.2354,-0.0169583,0.999856
177.9,-97.4852,-55.2393,0.843247,0.537526
178,-97.4137,-55.2662,0.703436,0.710758
178.1,-97.4924,-55.212,-0.758838,0.651279
178.2,-97.4838,-55.1644,-0.346904,0.937901
178.3,-97.5297,-55.1386,-0.760624,0.649192
178.4,-97.5874,-55.0814,-0.685832,0.72776
178.5,-97.6851,-54.9303,-0.575747,0.817628
178.6,-97.6511,-54.8398,-0.0839595,0.996469
178.7,-97.5038,-54.8437,0.901592,0.432586
178.8,-97.4082,-54.8269,0.575515,0.817791
178.9,-97.3906,-54.7731,-0.28144,0.959579
179,-97.423,-54.7198,-0.615628,0.788037
179.1,-97.4329,-54.692,-0.600739,0.799445
179.2,-97.3758,-54.6702,0.114621,0.993409
179.3,-97.3648,-54.603,-0.311106,0.950375
179.4,-97.4044,-54.5056,-0.519341,0.854567
179.5,-97.5113,-54.5283,-0.986316,0.164863
179.6,-97.559,-54.6016,-0.971647,-0.236435
179.7,-97.6066,-54.6568,-0.998777,-0.0494453
179.8,-97.5892,-54.6886,-0.849245,0.527999
179.9,-97.6273,-54.7838,-0.889757,-0.456434
180,-97.6442,-54.8522,-0.967529,-0.25276
180.1,-97.6907,-54.7539,-0.526624,0.850098
180.2,-97.6093,-54.7029,0.317018,0.948419
180.3,-97.6173,-54.5894,-0.320751,0.947163
180.4,-97.7607,-54.491,-0.789672,0.613529
180.5,-97.8731,-54.4788,-0.930557,0.366147
180.6,-97.9483,-54.546,-0.99188,-0.127176
180.7,-98.0433,-54.5837,-0.99477,0.102137
180.8,-98.1865,-54.6012,-0.982761,0.184878
180.9,-98.3241,-54.5494,-0.86527,0.501306
181,-98.429,-54.3278,-0.474616,0.880193
181.1,-98.4719,-54.2551,-0.567865,0.823122
181.2,-98.5516,-54.3208,-0.995535,-0.0943916
181.3,-98.5553,-54.4363,-0.614476,-0.788935
181.4,-98.4979,-54.4343,0.244626,0.969618
181.5,-98.5186,-54.3807,-0.508184,0.861248
181.6,-98.5275,-54.3083,-0.381557,0.924345
181.7,-98.6179,-54.1943,-0.623297,0.781985
181.8,-98.7708,-54.0797,-0.758453,0.651728
181.9,-98.6217,-54.083,0.898479,0.439017
182,-98.4688,-54.1024,0.952677,0.303983
182.1,-98.4845,-54.2201,-0.687953,-0.725755
182.2,-98.7189,-54.2849,-0.999218,-0.0395477
182.3,-98.8157,-54.2888,-0.937719,0.347394
182.4,-98.8587,-54.3534,-0.995176,-0.0981065
182.5,-98.9511,-54.3212,-0.831773,0.555116
182.6,-98.9891,-54.2121,-0.426551,0.904464
182.7,-99.1199,-54.0956,-0.702953,0.711237
182.8,-99.1242,-54.1154,-0.765652,0.643255
182.9,-99.1659,-54.1314,-0.892277,0.451488
183,-99.2418,-54.1495,-0.945944,0.324329
183.1,-99.2559,-54.1172,-0.503965,0.863724
183.2,-99.2606,-54.057,-0.344862,0.938653
183.3,-99.2531,-53.9115,-0.153641,0.988127
183.4,-99.2203,-53.8262,-0.0518018,0.998657
183.5,-99.2202,-53.8566,-0.843359,0.53735
183.6,-99.2127,-53.8424,-0.425171,0.905113
183.7,-99.2545,-53.7863,-0.592399,0.805645
183.8,-99.2739,-53.6942,-0.376987,0.926219
183.9,-99.1587,-53.603,0.446846,0.894611
184,-99.1143,-53.5393,0.00875448,0.999962
184.1,-99.052,-53.4453,0.120784,0.992679
184.2,-98.9603,-53.4247,0.530626,0.847606
184.3,-98.9423,-53.4807,-0.991692,-0.128634
184.4,-98.9179,-53.5504,-0.786915,-0.617062
184.5,-98.8065,-53.5011,0.540001,0.841664
184.6,-98.6554,-53.4586,0.74068,0.671858
184.7,-98.6209,-53.3882,-0.116028,0.993246
184.8,-98.5828,-53.4145,-0.439492,0.898247
184.9,-98.4865,-53.4196,0.726335,0.687341
185,-98.336,-53.502,0.948563,-0.316589
185.1,-98.2945,-53.6247,-0.121953,-0.992536
185.2,-98.3154,-53.7009,-0.933078,-0.359674
185.3,-98.3336,-53.7184,-0.902984,0.429673
185.4,-98.3136,-53.7216,-0.529646,0.848219
185.5,-98.3131,-53.7241,-0.718734,0.695285
185.6,-98.2123,-53.6794,0.479285,0.877659
185.7,-98.1152,-53.6337,0.444781,0.895639
185.8,-98.1496,-53.525,-0.479649,0.877461
185.9,-98.1017,-53.4345,-0.0273161,0.999627
186,-97.9891,-53.4205,0.706247,0.707965
186.1,-98.0003,-53.4566,-0.989621,0.143699
186.2,-97.9875,-53.5412,-0.719624,-0.694364
186.3,-98.0086,-53.5106,-0.691272,0.722595
186.4,-97.993,-53.5427,-0.933989,0.357302
186.5,-98.0482,-53.6331,-0.925761,-0.37811
186.6,-98.1941,-53.6508,-0.988936,0.148346
186.7,-98.3235,-53.6463,-0.959304,0.282376
186.8,-98.4172,-53.6444,-0.941643,0.336613
186.9,-98.3697,-53.559,-0.0122124,0.999925
187,-98.3546,-53.4795,-0.261821,0.965117
187.1,-98.4708,-53.3755,-0.738473,0.674283
187.2,-98.5705,-53.3186,-0.818929,0.573894
187.3,-98.5811,-53.3834,-0.966545,-0.256496
187.4,-98.5656,-53.3606,-0.429519,0.903058
187.5,-98.5033,-53.3503,0.202534,0.979275
187.6,-98.5362,-53.4091,-0.992335,-0.123572
187.7,-98.5698,-53.2718,-0.408745,0.912649
187.8,-98.4968,-53.113,0.107131,0.994245
187.9,-98.4894,-52.9689,-0.229615,0.973281
188,-98.3896,-53.0047,0.979843,0.19977
188.1,-98.2459,-52.9716,0.756077,0.654482
188.2,-98.1442,-52.9531,0.603067,0.79769
188.3,-98.0224,-52.8827,0.505563,0.86279
188.4,-98.05,-52.9373,-0.987328,-0.158691
188.5,-98.0861,-53.0329,-0.863891,-0.503678
188.6,-98.009,-53.0828,0.952114,-0.305743
188.7,-98.0045,-53.0517,-0.567028,0.823699
188.8,-97.9704,-53.0062,-0.23799,0.971268
188.9,-97.9255,-53.061,-0.655094,-0.755547
189,-97.9267,-53.0832,-0.944621,0.328162
189.1,-98.0044,-52.9052,-0.5182,0.85526
189.2,-97.9941,-52.8822,-0.585891,0.81039
189.3,-98.0152,-52.9976,-0.722863,-0.690992
189.4,-98.0145,-53.0093,-0.876252,0.481854
189.5,-98.0367,-53.0062,-0.864887,0.501967
189.6,-97.9631,-53.0677,0.678837,-0.734289
189.7,-97.932,-53.0798,-0.631284,0.775552
189.8,-98.0513,-52.9526,-0.718514,0.695513
189.9,-98.0734,-52.8052,-0.381873,0.924215
190,-98.1234,-52.7224,-0.654282,0.756251
190.1,-98.2629,-52.7079,-0.963487,0.267754
190.2,-98.3038,-52.6072,-0.56716,0.823608
190.3,-98.3688,-52.5896,-0.903304,0.429002
190.4,-98.3564,-52.5912,-0.752943,0.658085
190.5,-98.4362,-52.6114,-0.989078,0.147392
190.6,-98.5739,-52.6378,-0.997037,0.0769173
190.7,-98.7275,-52.6181,-0.958258,0.285904
190.8,-98.8946,-52.4787,-0.770941,0.636907
190.9,-98.9928,-52.3485,-0.660469,0.750853
191,-99.2139,-52.3256,-0.972615,0.232422
191.1,-99.2882,-52.2392,-0.698253,0.715851
191.2,-99.2998,-52.1535,-0.449998,0.893029
191.3,-99.2792,-52.1251,-0.427531,0.904001
191.4,-99.3878,-52.1939,-0.987882,-0.155204
191.5,-99.5342,-52.1582,-0.927249,0.374446
191.6,-99.5065,-52.0889,-0.211155,0.977453
191.7,-99.5037,-52.0243,-0.421434,0.906859
191.8,-99.5512,-51.9773,-0.745408,0.666608
191.9,-99.6786,-51.8983,-0.828433,0.560088
192,-99.6845,-51.8041,-0.39797,0.917398
192.1,-99.5682,-51.7722,0.631776,0.775151
192.2,-99.5614,-51.8772,-0.61488,-0.788621
192.3,-99.6665,-51.9462,-0.986806,-0.16191
192.4,-99.7353,-51.962,-0.973048,0.230603
192.5,-99.7059,-51.9927,-0.840574,0.541697
192.6,-99.7358,-52.0395,-0.99994,-0.0109449
192.7,-99.6992,-51.9693,-0.131048,0.991376
192.8,-99.5558,-52.0385,0.967187,-0.254066
192.9,-99.5378,-52.0864,-0.996545,-0.0830584
193,-99.6418,-52.2366,-0.831922,-0.554893
193.1,-99.7184,-52.2984,-0.994349,-0.106158
193.2,-99.5904,-52.2801,0.756729,0.653728
193.3,-99.4089,-52.3861,0.914315,-0.405004
193.4,-99.3596,-52.4292,0.914315,-0.405004
193.5,-99.21,-52.3445,0.596136,0.802883
193.6,-99.1338,-52.2721,0.188744,0.982026
193.7,-99.0818,-52.3135,0.188744,0.982026
193.8,-99.1768,-52.2882,-0.908704,0.41744
193.9,-99.1505,-52.1806,-0.182084,0.983283
194,-99.0334,-52.1589,0.691766,0.722122
194.1,-98.8818,-52.0819,0.626381,0.779517
194.2,-98.767,-52.0019,0.429555,0.903041
194.3,-98.517,-52.0368,0.999946,0.0104117
194.4,-98.3791,-52.0428,0.935461,0.353429
194.5,-98.3571,-52.1102,-0.762922,-0.646491
194.6,-98.2844,-52.2274,0.145952,-0.989292
194.7,-98.1569,-52.2922,0.919573,-0.392919
194.8,-98.1247,-52.38,-0.473374,-0.880862
194.9,-98.0247,-52.4365,0.897131,-0.441764
195,-97.9028,-52.4803,0.993262,-0.115892
195.1,-97.8456,-52.4293,-0.031471,0.999505
195.2,-97.9245,-52.4318,-0.973303,0.229524
195.3,-98.005,-52.4355,-0.97476,0.223255
195.4,-98.0156,-52.4389,-0.905175,0.42504
195.5,-97.9305,-52.3884,0.280508,0.959852
195.6,-97.852,-52.2641,0.112866,0.99361
195.7,-97.9391,-52.1057,-0.612067,0.790806
195.8,-98.0922,-52.1803,-0.981155,-0.193222
195.9,-98.0921,-52.2401,-0.922101,-0.38695
196,-97.997,-52.2366,0.668771,0.743468
196.1,-97.9016,-52.3222,0.555149,-0.831751
196.2,-97.8185,-52.2489,0.201293,0.979531
196.3,-97.7481,-52.2092,0.120044,0.992768
196.4,-97.7357,-52.3087,-0.594401,-0.804169
196.5,-97.6264,-52.4756,0.336616,-0.941642
196.6,-97.5672,-52.492,-0.0967789,0.995306
196.7,-97.6532,-52.3798,-0.708434,0.705777
196.8,-97.7045,-52.4396,-0.974107,-0.226088
196.9,-97.7107,-52.5935,-0.489804,-0.871833
197,-97.6798,-52.6934,-0.414417,-0.910087
197.1,-97.6613,-52.7207,-0.9727,0.232068
197.2,-97.5456,-52.7484,0.986177,0.165693
197.3,-97.4159,-52.7654,0.962738,0.270437
197.4,-97.2767,-52.694,0.593449,0.804871
197.5,-97.0516,-52.7469,0.993918,-0.110125
197.6,-96.845,-52.6917,0.852277,0.523091
197.7,-96.6208,-52.5763,0.73941,0.673256
197.8,-96.4766,-52.5504,0.82207,0.569386
197.9,-96.4307,-52.4235,-0.112305,0.993674
198,-96.5403,-52.3743,-0.914117,0.405451
198.1,-96.7249,-52.3595,-0.985554,0.169362
198.2,-96.8206,-52.3727,-0.995376,0.0960571
198.3,-96.8285,-52.4174,-0.977263,-0.212032
198.4,-96.7676,-52.4565,-0.977263,-0.212032
198.5,-96.7564,-52.4386,-0.738221,0.674559
198.6,-96.7892,-52.4662,-0.9998,0.020019
198.7,-96.8283,-52.4752,-0.979647,0.20073
198.8,-96.877,-52.533,-0.970938,-0.239333
198.9,-96.8137,-52.503,0.00915521,0.999958
199,-96.845,-52.387,-0.541685,0.840582
199.1,-96.9293,-52.2987,-0.782097,0.623156
199.2,-97.0764,-52.2457,-0.932121,0.362147
199.3,-97.2068,-52.2854,-0.998473,-0.0552332
199.4,-97.1769,-52.2466,-0.433749,0.901034
199.5,-97.1142,-52.3059,-0.0250188,-0.999687
199.6,-97.1177,-52.4483,-0.510772,-0.859716
199.7,-97.0248,-52.5311,0.50722,-0.861817
199.8,-96.9017,-52.7136,0.373726,-0.927539
199.9,-96.8384,-52.8501,0.0147866,-0.999891
200,-96.7572,-52.8909,0.9449,-0.327358
200.1,-96.7237,-52.7933,-0.207427,0.978251
200.2,-96.7247,-52.7928,-0.883733,0.467991
200.3,-96.8003,-52.8087,-0.992526,0.122035
200.4,-96.8759,-52.8588,-0.992492,-0.122313
200.5,-96.8926,-52.9057,-0.986742,-0.162297
200.6,-96.9047,-52.8719,-0.729141,0.684364
200.7,-96.9347,-52.8794,-0.959171,0.282828
200.8,-96.9383,-52.9397,-0.929004,-0.370071
200.9,-96.9654,-52.9558,-0.977293,0.211891
201,-97.0195,-52.9595,-0.963643,0.267193
201.1,-97.0026,-52.8581,-0.300798,0.953688
201.2,-96.9309,-52.7702,0.0886175,0.996066
201.3,-96.9459,-52.8014,-0.999554,0.0298614
201.4,-96.9884,-52.8618,-0.969179,-0.246358
201.5,-97.0028,-52.9175,-0.963139,-0.269004
201.6,-97.0732,-53.0483,-0.807634,-0.589684
201.7,-97.1214,-53.1491,-0.859681,-0.510831
201.8,-97.0948,-53.203,-0.897308,-0.441406
201.9,-97.169,-53.266,-0.983074,-0.18321
202,-97.2024,-53.3083,-0.99944,-0.0334659
202.1,-97.2116,-53.3357,-0.983461,0.181122
202.2,-97.3758,-53.3688,-0.999521,0.0309509
202.3,-97.4998,-53.4571,-0.96764,-0.252337
202.4,-97.6156,-53.5091,-0.998521,-0.0543703
202.5,-97.6615,-53.4674,-0.762099,0.647461
202.6,-97.7299,-53.303,-0.509312,0.860582
202.7,-97.8618,-53.2396,-0.869657,0.493657
202.8,-97.9623,-53.1256,-0.703726,0.710472
202.9,-98.0283,-52.9716,-0.524678,0.851301
203,-98.0481,-52.9235,-0.644309,0.764765
203.1,-98.0124,-52.8859,-0.251315,0.967905
203.2,-98.127,-52.7196,-0.63699,0.770872
203.3,-98.2626,-52.6105,-0.790649,0.61227
203.4,-98.2644,-52.5345,-0.454584,0.890704
203.5,-98.2652,-52.6188,-0.793891,-0.60806
203.6,-98.2494,-52.6876,-0.823908,-0.566724
203.7,-98.3216,-52.6184,-0.761195,0.648523
203.8,-98.2738,-52.5504,-0.0850776,0.996374
203.9,-98.0624,-52.5393,0.949724,0.313088
204,-97.9573,-52.6654,0.464356,-0.885649
204.1,-97.9615,-52.8096,-0.509934,-0.860214
204.2,-97.9501,-52.9101,-0.605042,-0.796193
204.3,-98.0223,-52.8534,-0.797635,0.60314
204.4,-98.0424,-52.776,-0.545581,0.838058
204.5,-97.9527,-52.7758,0.625101,0.780544
204.6,-97.9134,-52.878,-0.282464,-0.959278
204.7,-97.9326,-52.8992,-0.970385,0.241562
204.8,-97.808,-53.0711,0.457923,-0.888992
204.9,-97.8656,-53.2699,-0.586668,-0.809828
205,-97.7909,-53.3542,0.435362,-0.900256
205.1,-97.7081,-53.3525,0.526326,0.850283
205.2,-97.6941,-53.291,-0.366077,0.930585
205.3,-97.7386,-53.3419,-0.996544,-0.0830658
205.4,-97.828,-53.5164,-0.740036,-0.672567
205.5,-98.0026,-53.6353,-0.951469,-0.307744
205.6,-98.1553,-53.6676,-0.997414,0.0718676
205.7,-98.1602,-53.7288,-0.974101,-0.226112
205.8,-98.1159,-53.8194,-0.139458,-0.990228
205.9,-98.1667,-53.8917,-0.974474,-0.224499
206,-98.1392,-53.9719,-0.579655,-0.814862
206.1,-98.0884,-54.1271,0.0190492,-0.999819
206.2,-98.079,-54.203,-0.839594,-0.543214
206.3,-97.9709,-54.2584,0.997498,-0.0706884
206.4,-97.8991,-54.1401,0.138391,0.990378
206.5,-97.7873,-54.0272,0.359297,0.933223
206.6,-97.6967,-53.9472,0.297293,0.954786
206.7,-97.6344,-53.9097,0.124879,0.992172
206.8,-97.608,-53.8945,-0.383649,0.923479
206.9,-97.5945,-53.9334,-0.981736,0.19025
207,-97.5391,-53.8968,0.0384294,0.999261
207.1,-97.4799,-53.8708,0.0896682,0.995972
207.2,-97.4221,-53.8617,0.085118,0.996371
207.3,-97.3571,-53.82,0.130697,0.991422
207.4,-97.3928,-53.6834,-0.44392,0.896066
207.5,-97.3394,-53.6941,-0.0400016,0.9992
207.6,-97.245,-53.6446,0.391501,0.920178
207.7,-97.2264,-53.6341,-0.571132,0.820859
207.8,-97.3191,-53.5831,-0.846332,0.532656
207.9,-97.3933,-53.4639,-0.625768,0.780009
208,-97.5164,-53.3656,-0.787154,0.616756
208.1,-97.5501,-53.3159,-0.698782,0.715335
208.2,-97.5275,-53.3853,-0.773158,-0.634213
208.3,-97.5189,-53.4454,-0.935498,-0.353332
208.4,-97.7526,-53.48,-0.999613,0.0278239
208.5,-97.837,-53.5238,-0.999993,0.00368323
208.6,-97.8043,-53.6268,-0.337247,-0.941416
208.7,-97.8178,-53.6803,-0.993231,-0.116159
208.8,-97.8791,-53.5947,-0.653477,0.756946
208.9,-98.0453,-53.5718,-0.953833,0.300336
209,-98.156,-53.576,-0.967243,0.253854
209.1,-98.0533,-53.6304,0.991684,-0.128694
209.2,-97.9564,-53.7672,0.452885,-0.891569
209.3,-97.8854,-53.8213,0.951562,-0.307458
209.4,-97.9608,-53.7908,-0.851392,0.52453
209.5,-98.0014,-53.7629,-0.770317,0.637661
209.6,-97.9153,-53.7431,0.460408,0.887707
209.7,-97.9117,-53.7005,-0.470766,0.882258
209.8,-97.9037,-53.6829,-0.563145,0.826358
209.9,-97.9951,-53.6477,-0.867919,0.496705
210,-98.1816,-53.7247,-0.99222,-0.124496
210.1,-98.3027,-53.9365,-0.724517,-0.689257
210.2,-98.4601,-53.9248,-0.956417,0.292004
210.3,-98.5779,-53.8231,-0.731034,0.682341
210.4,-98.6534,-53.6081,-0.415945,0.90939
210.5,-98.8126,-53.5899,-0.9479,0.318569
210.6,-98.912,-53.6221,-0.990535,0.137263
210.7,-99.0016,-53.5513,-0.736391,0.676556
210.8,-99.0082,-53.5057,-0.462578,0.886578
210.9,-98.973,-53.377,-0.0563832,0.998409
211,-99.0349,-53.3866,-0.931028,0.364948
211.1,-99.1852,-53.4367,-0.999918,0.0128423
211.2,-99.2799,-53.385,-0.79556,0.605875
211.3,-99.2487,-53.2973,-0.0883242,0.996092
211.4,-99.329,-53.196,-0.628465,0.777838
211.5,-99.5222,-53.1769,-0.956204,0.292701
211.6,-99.6194,-53.2267,-0.999275,0.0380607
211.7,-99.6482,-53.3005,-0.970452,-0.241294
211.8,-99.6788,-53.4426,-0.642498,-0.766287
211.9,-99.558,-53.6134,0.586087,-0.810248
212,-99.592,-53.8508,-0.377579,-0.925977
212.1,-99.5746,-53.9093,-0.999043,0.0437375
212.2,-99.6978,-53.939,-0.983088,0.183136
212.3,-99.7571,-53.985,-0.988527,0.151046
212.4,-99.8012,-53.9952,-0.839685,0.543074
212.5,-99.8093,-54.0257,-0.804375,0.594122
212.6,-99.7714,-54.0291,0.0765918,0.997063
212.7,-99.8981,-53.9934,-0.8559,0.517142
212.8,-99.9523,-53.9923,-0.809199,0.587534
212.9,-99.9238,-54.0461,-0.809199,0.587534
213,-99.9167,-54.0685,-0.530059,0.847961
213.1,-99.8382,-54.0409,0.460705,0.887553
213.2,-99.7627,-54.0736,0.824706,0.565562
213.3,-99.7378,-54.1728,-0.226333,-0.97405
213.4,-99.7312,-54.3168,-0.308194,-0.951324
213.5,-99.6646,-54.2266,0.218515,0.975834
213.6,-99.5501,-54.1049,0.403115,0.915149
213.7,-99.5198,-54.0504,-0.0483014,0.998833
213.8,-99.5643,-54.0911,-0.973661,0.228
213.9,-99.5692,-54.105,-0.660434,0.750884
214,-99.4264,-54.1111,0.892316,0.451412
214.1,-99.3676,-54.0914,0.26485,0.96429
214.2,-99.5169,-53.9905,-0.760727,0.649073
214.3,-99.5774,-54.0281,-0.975805,0.218645
214.4,-99.4973,-53.9832,0.387283,0.921961
214.5,-99.4833,-53.948,-0.239612,0.970869
214.6,-99.448,-53.8808,-0.0181262,0.999836
214.7,-99.2716,-53.7717,0.635579,0.772036
214.8,-99.1819,-53.8156,0.966879,0.255235
214.9,-99.087,-53.844,0.886332,0.46305
215,-99.0273,-53.7782,0.14171,0.989908
215.1,-98.9767,-53.744,0.0817118,0.996656
215.2,-99.0666,-53.7779,-0.988466,0.151445
215.3,-99.1446,-53.7112,-0.704159,0.710042
215.4,-99.1197,-53.6587,-0.162463,0.986715
215.5,-99.0797,-53.5868,-0.0257213,0.999669
215.6,-99.0738,-53.5585,-0.420719,0.907191
215.7,-99.0837,-53.5431,-0.616276,0.78753
215.8,-99.0853,-53.4823,-0.372658,0.927969
215.9,-99.0236,-53.2866,0.0672131,0.997739
216,-98.9285,-53.101,0.198301,0.980141
216.1,-98.9424,-53.0458,-0.515717,0.856759
216.2,-98.9312,-53.028,-0.495766,0.868456
216.3,-98.8622,-53.0588,0.721323,0.692599
216.4,-98.8801,-53.0735,-0.893916,0.448235
216.5,-98.8416,-53.0077,-0.0978635,0.9952
216.6,-98.8584,-52.8655,-0.334219,0.942496
216.7,-99.0085,-52.6976,-0.68441,0.729097
216.8,-99.1154,-52.7195,-0.9878,0.155728
216.9,-99.1856,-52.6954,-0.859361,0.511369
217,-99.1812,-52.64,-0.406601,0.913606
217.1,-99.2592,-52.4981,-0.562416,0.826855
217.2,-99.2926,-52.4143,-0.545077,0.838386
217.3,-99.1365,-52.3956,0.846871,0.531799
217.4,-99.0275,-52.3081,0.384978,0.922926
217.5,-99.0242,-52.03,-0.159864,0.987139
217.6,-98.8538,-51.9408,0.658836,0.752286
217.7,-98.7771,-51.8096,0.101304,0.994856
217.8,-98.7339,-51.8486,-0.966363,-0.25718
217.9,-98.877,-51.9042,-0.994685,-0.102962
218,-98.9071,-51.9924,-0.866519,-0.499144
218.1,-98.9585,-51.9882,-0.93408,0.357064
218.2,-98.9683,-51.9377,-0.610244,0.792213
218.3,-99.007,-51.8987,-0.78665,0.6174
218.4,-99.1221,-51.8986,-0.977416,0.211323
218.5,-99.1311,-51.9311,-0.996106,0.0881634
218.6,-99.1997,-51.8431,-0.705866,0.708346
218.7,-99.2262,-51.8408,-0.901527,0.432722
218.8,-99.3322,-51.8659,-0.996583,0.0826002
218.9,-99.313,-51.7975,-0.331173,0.94357
219,-99.2632,-51.8305,-0.331173,0.94357
219.1,-99.2755,-51.8564,-0.983398,0.181463
219.2,-99.2969,-51.8255,-0.74825,0.663417
219.3,-99.1798,-51.7439,0.439033,0.898471
219.4,-99.2215,-51.7013,-0.786863,0.617127
219.5,-99.258,-51.7101,-0.961024,0.276464
219.6,-99.2291,-51.7861,-0.615795,-0.787907
219.7,-99.2069,-51.8086,-0.92113,0.389255
219.8,-99.1511,-51.7501,-0.0306881,0.999529
219.9,-99.223,-51.6409,-0.669755,0.742582
220,-99.3357,-51.617,-0.945558,0.325455
220.1,-99.506,-51.6644,-0.998845,-0.0480404
220.2,-99.5337,-51.5545,-0.499861,0.866106
220.3,-99.4345,-51.5289,0.536374,0.84398
220.4,-99.4856,-51.5936,-0.967859,-0.251493
220.5,-99.5738,-51.668,-0.970101,-0.242703
220.6,-99.5226,-51.606,-0.0632007,0.998001
220.7,-99.5598,-51.6392,-0.998697,0.0510358
220.8,-99.6818,-51.7416,-0.943328,-0.33186
220.9,-99.7029,-51.8925,-0.577918,-0.816095
221,-99.75,-51.9226,-0.990005,0.14103
221.1,-99.8313,-51.911,-0.920708,0.390252
221.2,-99.9775,-51.8433,-0.867352,0.497694
221.3,-100.067,-51.7258,-0.650878,0.759182
221.4,-100.123,-51.6827,-0.770553,0.637376
221.5,-100.121,-51.6415,-0.49096,0.871182
221.6,-100.218,-51.6295,-0.932498,0.361175
221.7,-100.358,-51.6583,-0.995437,0.0954217
221.8,-100.3,-51.7441,0.234307,-0.972163
221.9,-100.328,-51.8303,-0.904969,-0.425478
222,-100.487,-51.7393,-0.821811,0.56976
222.1,-100.651,-51.6099,-0.755307,0.655372
222.2,-100.676,-51.5565,-0.550497,0.834837
222.3,-100.676,-51.5789,-0.826789,0.562513
222.4,-100.717,-51.7599,-0.56017,-0.828378
222.5,-100.833,-51.973,-0.708153,-0.706059
222.6,-100.934,-51.9995,-0.970535,0.240961
222.7,-100.877,-51.9817,0.282621,0.959232
222.8,-100.989,-51.7829,-0.491232,0.871029
222.9,-101.275,-51.7298,-0.941937,0.33579
223,-101.344,-51.8372,-0.912913,-0.408153
223.1,-101.297,-52.0095,0.214431,-0.976739
223.2,-101.439,-52.1227,-0.961906,-0.273381
223.3,-101.66,-52.1732,-0.997442,0.0714877
223.4,-101.785,-52.0793,-0.638015,0.770024
223.5,-101.923,-52.0308,-0.776047,0.630675
223.6,-101.884,-52.1003,0.999888,0.0150011
223.7,-101.834,-52.1581,0.967446,0.253077
223.8,-101.809,-52.1874,0.428654,0.903468
223.9,-101.825,-52.2914,-0.545971,-0.837804
224,-101.825,-52.2136,-0.036003,0.999352
224.1,-101.804,-52.0934,0.0853392,0.996352
224.2,-101.881,-52.0126,-0.486384,0.873745
224.3,-101.886,-51.9202,-0.0569303,0.998378
224.4,-101.858,-51.8337,0.15068,0.988582
224.5,-101.748,-51.9035,1,-4.95505e-05
224.6,-101.679,-51.8598,0.463734,0.885975
224.7,-101.642,-51.7506,0.14041,0.990093
224.8,-101.61,-51.7311,0.202446,0.979293
224.9,-101.59,-51.8356,0.123955,-0.992288
225,-101.617,-52.0121,-0.363892,-0.931441
225.1,-101.539,-52.099,0.963414,-0.268017
225.2,-101.513,-52.1767,0.963414,-0.268017
225.3,-101.541,-52.2217,-0.881557,0.472078
225.4,-101.534,-52.2579,-0.197444,0.980314
225.5,-101.559,-52.3753,-0.624159,-0.781297
225.6,-101.548,-52.4121,-0.0677762,0.997701
225.7,-101.497,-52.3964,0.413157,0.91066
225.8,-101.488,-52.3887,-0.0752486,0.997165
225.9,-101.469,-52.3476,0.0425031,0.999096
226,-101.548,-52.3618,-0.867278,0.497824
226.1,-101.598,-52.3878,-0.830388,0.557186
226.2,-101.503,-52.3253,0.537948,0.842978
226.3,-101.537,-52.2247,-0.279037,0.96028
226.4,-101.776,-52.1981,-0.935976,0.352064
226.5,-101.85,-52.1797,-0.677331,0.735678
226.6,-101.801,-52.0953,0.270414,0.962744
226.7,-101.842,-51.9508,-0.215199,0.97657
226.8,-101.923,-51.9151,-0.634456,0.772959
226.9,-101.943,-51.8476,-0.163216,0.98659
227,-102.104,-51.7904,-0.790111,0.612963
227.1,-102.171,-51.6901,-0.342857,0.939388
227.2,-102.17,-51.6505,0.0710147,0.997475
227.3,-102.233,-51.6056,-0.436278,0.899812
227.4,-102.181,-51.66,0.971958,0.235153
227.5,-102.143,-51.7688,0.762514,-0.646972
227.6,-102.117,-51.7793,0.463513,0.88609
227.7,-102.226,-51.7452,-0.706868,0.707345
227.8,-102.282,-51.6534,-0.281219,0.959644
227.9,-102.214,-51.6677,0.824919,0.565251
228,-102.167,-51.7175,0.944492,0.328534
228.1,-102.093,-51.6181,0.430457,0.902611
228.2,-102.072,-51.4236,0.091232,0.99583
228.3,-101.997,-51.3367,0.447726,0.894171
228.4,-101.954,-51.2321,0.238727,0.971087
228.5,-101.943,-51.0869,0.0422664,0.999106
228.6,-101.934,-51.0879,0.0668032,0.997766
228.7,-101.909,-51.1579,0.999989,-0.00475217
228.8,-101.923,-51.2626,-0.468617,-0.883401
228.9,-101.918,-51.2159,0.00129659,0.999999
229,-101.936,-50.9912,-0.0746845,0.997207
229.1,-102.001,-50.9257,-0.45771,0.889102
229.2,-102.032,-50.7586,-0.132517,0.991181
229.3,-102.006,-50.5988,0.128783,0.991673
229.4,-102.077,-50.458,-0.319132,0.94771
229.5,-102.184,-50.4564,-0.8018,0.597593
229.6,-102.208,-50.4407,0.0212127,0.999775
229.7,-102.129,-50.3717,0.634075,0.773272
229.8,-102.01,-50.2466,0.596755,0.802424
