0.1,63.5098,52.4738,0.351598,-0.936151
0.2,63.517,52.4248,0.267461,-0.963569
0.3,63.5253,52.3556,0.23723,-0.971454
0.4,63.5362,52.2707,0.229883,-0.973218
0.5,63.5498,52.1739,0.229089,-0.973405
0.6,63.566,52.0682,0.232345,-0.972633
0.7,63.5857,51.9593,0.246302,-0.969193
0.8,63.6073,51.8472,0.252584,-0.967575
0.9,63.6283,51.7309,0.243559,-0.969886
1,63.6481,51.6102,0.232324,-0.972638
1.1,63.6669,51.4858,0.223408,-0.974725
1.2,63.6852,51.359,0.21835,-0.97587
1.3,63.7021,51.2294,0.208777,-0.977963
1.4,63.7173,51.0969,0.197936,-0.980215
1.5,63.7311,50.9616,0.188665,-0.982041
1.6,63.7439,50.8237,0.182157,-0.98327
1.7,63.7563,50.6834,0.177889,-0.984051
1.8,63.7685,50.541,0.175576,-0.984466
1.9,63.7812,50.3973,0.177028,-0.984206
2,63.7948,50.2523,0.179718,-0.983718
2.1,63.8093,50.1062,0.183396,-0.983039
2.2,63.8254,49.9612,0.191614,-0.98147
2.3,63.8428,49.8162,0.197208,-0.980362
2.4,63.8611,49.6709,0.201398,-0.979509
2.5,63.8802,49.5252,0.204684,-0.978828
2.6,63.9,49.3788,0.207021,-0.978336
2.7,63.9209,49.2334,0.213203,-0.977008
2.8,63.943,49.0881,0.218289,-0.975884
2.9,63.9661,48.9429,0.223565,-0.974689
3,63.9906,48.7979,0.22928,-0.973361
3.1,64.0163,48.6533,0.235568,-0.971858
3.2,64.0435,48.5094,0.242537,-0.970142
3.3,64.0726,48.3686,0.254635,-0.967037
3.4,64.1036,48.2303,0.266035,-0.963963
3.5,64.1365,48.0943,0.277011,-0.960867
3.6,64.1711,47.9605,0.287668,-0.95773
3.7,64.2073,47.8289,0.297925,-0.954589
3.8,64.2451,47.7009,0.310208,-0.950669
3.9,64.2845,47.5757,0.320965,-0.947091
4,64.325,47.4528,0.329897,-0.944017
4.1,64.3665,47.3318,0.337253,-0.941414
4.2,64.4087,47.2124,0.342998,-0.939336
4.3,64.4513,47.0942,0.347026,-0.937856
4.4,64.4941,46.9769,0.349227,-0.937038
4.5,64.5368,46.8603,0.349604,-0.936898
4.6,64.579,46.744,0.34829,-0.937387
4.7,64.6205,46.6279,0.345572,-0.938392
4.8,64.6613,46.5118,0.342083,-0.93967
4.9,64.7012,46.3956,0.338019,-0.941139
5,64.7402,46.2792,0.333385,-0.942791
5.1,64.7782,46.1626,0.328295,-0.944575
5.2,64.815,46.0457,0.322778,-0.946475
5.3,64.8507,45.9284,0.316777,-0.9485
5.4,64.8851,45.8109,0.310173,-0.95068
5.5,64.918,45.6932,0.302996,-0.952992
5.6,64.9492,45.5753,0.294849,-0.955544
5.7,64.9786,45.4575,0.286237,-0.958159
5.8,65.006,45.3399,0.277233,-0.960803
5.9,65.0317,45.2226,0.268845,-0.963184
6,65.0555,45.106,0.261165,-0.965294
6.1,65.0779,44.9902,0.254657,-0.967031
6.2,65.099,44.8755,0.249947,-0.968259
6.3,65.1192,44.762,0.247326,-0.968932
6.4,65.1389,44.6499,0.246354,-0.96918
6.5,65.1583,44.5389,0.246435,-0.969159
6.6,65.1774,44.429,0.246145,-0.969233
6.7,65.1957,44.32,0.243898,-0.969801
6.8,65.2131,44.2118,0.239775,-0.970829
6.9,65.2293,44.1042,0.234471,-0.972123
7,65.2443,43.9972,0.228478,-0.973549
7.1,65.2579,43.8907,0.221929,-0.975063
7.2,65.2701,43.7849,0.215266,-0.976555
7.3,65.2811,43.6797,0.209704,-0.977765
7.4,65.291,43.5754,0.204598,-0.978846
7.5,65.2999,43.4719,0.200434,-0.979707
7.6,65.3083,43.3696,0.198838,-0.980032
7.7,65.3165,43.2689,0.199949,-0.979806
7.8,65.3252,43.1697,0.204529,-0.978861
7.9,65.3352,43.0721,0.213431,-0.976958
8,65.347,42.976,0.226616,-0.973984
8.1,65.3615,42.8813,0.243836,-0.969816
8.2,65.3791,42.7878,0.263148,-0.964756
8.3,65.3998,42.6952,0.282189,-0.959359
8.4,65.4235,42.603,0.299888,-0.953974
8.5,65.4501,42.5108,0.315499,-0.948926
8.6,65.4785,42.4179,0.324093,-0.946025
8.7,65.5087,42.3238,0.331461,-0.943469
8.8,65.5407,42.228,0.337459,-0.94134
8.9,65.5747,42.1307,0.345487,-0.938423
9,65.6107,42.0311,0.35058,-0.936533
9.1,65.648,41.9285,0.352204,-0.935924
9.2,65.6863,41.8227,0.350962,-0.93639
9.3,65.7253,41.714,0.348823,-0.937189
9.4,65.7648,41.6024,0.346455,-0.938066
9.5,65.8047,41.4884,0.344422,-0.938815
9.6,65.8452,41.3723,0.343084,-0.939305
9.7,65.8861,41.254,0.341956,-0.939716
9.8,65.9276,41.1338,0.341098,-0.940028
9.9,65.9695,41.0119,0.34031,-0.940313
10,66.0116,40.8887,0.339187,-0.940719
10.1,66.0537,40.7646,0.337374,-0.941371
10.2,66.0955,40.6406,0.336715,-0.941607
10.3,66.137,40.5168,0.335342,-0.942097
10.4,66.178,40.3934,0.334032,-0.942562
10.5,66.2186,40.2704,0.332786,-0.943002
10.6,66.2587,40.1479,0.331807,-0.943347
10.7,66.2986,40.0258,0.330968,-0.943642
10.8,66.3381,39.9042,0.33017,-0.943922
10.9,66.3774,39.7835,0.330773,-0.94371
11,66.4166,39.6636,0.331634,-0.943408
11.1,66.4557,39.5447,0.332724,-0.943024
11.2,66.4947,39.4266,0.33398,-0.94258
11.3,66.5339,39.3093,0.335675,-0.941978
11.4,66.5733,39.1926,0.337873,-0.941192
11.5,66.6131,39.0766,0.340728,-0.940162
11.6,66.6535,38.9611,0.344325,-0.938851
11.7,66.6946,38.846,0.348665,-0.937247
11.8,66.7368,38.7312,0.353671,-0.93537
11.9,66.7801,38.6166,0.359159,-0.933276
12,66.8246,38.502,0.364803,-0.931085
12.1,66.8704,38.3873,0.370164,-0.928966
12.2,66.9173,38.2722,0.374629,-0.927175
12.3,66.9652,38.1566,0.377868,-0.925859
12.4,67.0138,38.0402,0.37962,-0.925143
12.5,67.0628,37.923,0.379816,-0.925062
12.6,67.1119,37.8049,0.378613,-0.925555
12.7,67.1607,37.686,0.37633,-0.926486
12.8,67.2092,37.5663,0.373386,-0.927676
12.9,67.2572,37.4461,0.370212,-0.928947
13,67.3046,37.3256,0.36717,-0.930154
13.1,67.3515,37.205,0.364904,-0.931045
13.2,67.398,37.0847,0.363524,-0.931585
13.3,67.4443,36.9648,0.363158,-0.931728
13.4,67.4904,36.8454,0.363569,-0.931567
13.5,67.5366,36.7264,0.364416,-0.931236
13.6,67.5829,36.6076,0.36552,-0.930804
13.7,67.6295,36.4888,0.36636,-0.930473
13.8,67.6762,36.3696,0.366625,-0.930369
13.9,67.7231,36.2497,0.366139,-0.93056
14,67.77,36.1291,0.364859,-0.931063
14.1,67.8168,36.0075,0.362756,-0.931884
14.2,67.8634,35.8848,0.359961,-0.932967
14.3,67.9097,35.7608,0.356568,-0.934269
14.4,67.9556,35.6357,0.353027,-0.935613
14.5,68.0012,35.5093,0.349442,-0.936958
14.6,68.0463,35.3817,0.346009,-0.938231
14.7,68.0911,35.2531,0.342845,-0.939392
14.8,68.1357,35.1235,0.340103,-0.940388
14.9,68.1799,34.993,0.337434,-0.941349
15,68.2238,34.8616,0.334766,-0.942301
15.1,68.268,34.7301,0.335719,-0.941962
15.2,68.3122,34.5982,0.335516,-0.942034
15.3,68.3564,34.4659,0.334529,-0.942385
15.4,68.4003,34.3332,0.333121,-0.942884
15.5,68.444,34.2001,0.331607,-0.943418
15.6,68.4876,34.0667,0.330231,-0.9439
15.7,68.5309,33.9331,0.329155,-0.944276
15.8,68.5741,33.7994,0.328482,-0.94451
15.9,68.6172,33.6656,0.328253,-0.94459
16,68.6604,33.5319,0.328438,-0.944526
16.1,68.7036,33.3983,0.329013,-0.944325
16.2,68.747,33.2649,0.329946,-0.944
16.3,68.7906,33.1317,0.331195,-0.943562
16.4,68.8345,32.9988,0.332711,-0.943029
16.5,68.8787,32.8661,0.334448,-0.942414
16.6,68.9232,32.7338,0.336358,-0.941734
16.7,68.968,32.6018,0.338397,-0.941003
16.8,69.0132,32.4702,0.340525,-0.940235
16.9,69.0588,32.3389,0.342701,-0.939444
17,69.1048,32.2081,0.344884,-0.938645
17.1,69.1511,32.0776,0.347036,-0.937852
17.2,69.1977,31.9476,0.34912,-0.937078
17.3,69.2447,31.818,0.351097,-0.936339
17.4,69.2919,31.6889,0.352926,-0.935651
17.5,69.3393,31.5601,0.354571,-0.935029
17.6,69.387,31.4318,0.356005,-0.934484
17.7,69.4348,31.3038,0.357212,-0.934023
17.8,69.4826,31.1761,0.358217,-0.933638
17.9,69.5306,31.0488,0.359009,-0.933334
18,69.5786,30.9217,0.359593,-0.933109
18.1,69.6266,30.7948,0.359985,-0.932958
18.2,69.6745,30.6682,0.360203,-0.932874
18.3,69.7225,30.5416,0.360269,-0.932849
18.4,69.7703,30.4152,0.360204,-0.932873
18.5,69.8181,30.2888,0.360036,-0.932939
18.6,69.8658,30.1625,0.359772,-0.93304
18.7,69.9135,30.0361,0.359426,-0.933174
18.8,69.9611,29.9097,0.359002,-0.933337
18.9,70.0086,29.7832,0.358507,-0.933527
19,70.0559,29.6566,0.357948,-0.933741
19.1,70.1032,29.5298,0.357328,-0.933979
19.2,70.1504,29.4029,0.356703,-0.934218
19.3,70.1976,29.2758,0.356058,-0.934464
19.4,70.2446,29.1486,0.355386,-0.93472
19.5,70.2915,29.0212,0.354706,-0.934978
19.6,70.3383,28.8935,0.354022,-0.935237
19.7,70.3851,28.7658,0.353328,-0.9355
19.8,70.4317,28.6378,0.352627,-0.935764
19.9,70.4782,28.5098,0.351911,-0.936033
20,70.5245,28.3816,0.351204,-0.936299
20.1,70.5708,28.2533,0.350527,-0.936553
20.2,70.6169,28.1249,0.34989,-0.936791
20.3,70.6629,27.9964,0.349298,-0.937012
20.4,70.7088,27.8679,0.348747,-0.937217
20.5,70.7546,27.7393,0.348249,-0.937402
20.6,70.8003,27.6106,0.347768,-0.937581
20.7,70.8459,27.4819,0.347268,-0.937766
20.8,70.8914,27.3532,0.346715,-0.937971
20.9,70.937,27.2246,0.347546,-0.937663
21,70.9827,27.0961,0.348119,-0.937451
21.1,71.0285,26.9677,0.348469,-0.93732
21.2,71.0743,26.8392,0.348634,-0.937259
21.3,71.1202,26.7107,0.348654,-0.937252
21.4,71.166,26.582,0.348584,-0.937278
21.5,71.212,26.453,0.348488,-0.937313
21.6,71.258,26.3239,0.34843,-0.937335
21.7,71.3041,26.1944,0.348468,-0.937321
21.8,71.3504,26.0646,0.348681,-0.937241
21.9,71.3969,25.9344,0.349061,-0.9371
22,71.4436,25.8039,0.34958,-0.936906
22.1,71.4907,25.673,0.350198,-0.936676
22.2,71.538,25.5417,0.350863,-0.936427
22.3,71.5856,25.4102,0.351518,-0.936181
22.4,71.6335,25.2782,0.352108,-0.935959
22.5,71.6816,25.146,0.35258,-0.935782
22.6,71.7299,25.0134,0.35289,-0.935665
22.7,71.7783,24.8806,0.353008,-0.93562
22.8,71.8268,24.7474,0.352912,-0.935656
22.9,71.8754,24.6139,0.352589,-0.935778
23,71.9239,24.48,0.352039,-0.935985
23.1,71.9724,24.3458,0.351279,-0.936271
23.2,72.0208,24.2113,0.350338,-0.936624
23.3,72.0694,24.077,0.351651,-0.936131
23.4,72.1182,23.9428,0.352388,-0.935854
23.5,72.167,23.8086,0.352699,-0.935737
23.6,72.2158,23.6745,0.352716,-0.935731
23.7,72.2645,23.5404,0.352554,-0.935792
23.8,72.3132,23.4062,0.352312,-0.935883
23.9,72.3618,23.2721,0.352074,-0.935972
24,72.4104,23.1379,0.351909,-0.936034
24.1,72.459,23.0037,0.351867,-0.93605
24.2,72.5076,22.8696,0.351985,-0.936006
24.3,72.5562,22.7355,0.352283,-0.935894
24.4,72.6049,22.6015,0.352767,-0.935711
24.5,72.6538,22.4676,0.353429,-0.935461
24.6,72.7027,22.3338,0.354259,-0.935147
24.7,72.7519,22.2003,0.355222,-0.934782
24.8,72.8011,22.067,0.356279,-0.934379
24.9,72.8505,21.9341,0.357391,-0.933955
25,72.9001,21.8014,0.358519,-0.933522
25.1,72.9498,21.6691,0.359628,-0.933096
25.2,72.9996,21.5373,0.360688,-0.932687
25.3,73.0495,21.4058,0.361673,-0.932305
25.4,73.0994,21.2748,0.362585,-0.931951
25.5,73.1493,21.1442,0.363398,-0.931634
25.6,73.1993,21.014,0.3641,-0.93136
25.7,73.2492,20.8843,0.364688,-0.93113
25.8,73.2991,20.7549,0.365168,-0.930942
25.9,73.3489,20.626,0.36555,-0.930792
26,73.3986,20.4974,0.365845,-0.930676
26.1,73.4482,20.3691,0.366067,-0.930589
26.2,73.4978,20.2412,0.366228,-0.930525
26.3,73.5473,20.1135,0.36634,-0.930481
26.4,73.5967,19.9861,0.366412,-0.930453
26.5,73.646,19.8589,0.366451,-0.930437
26.6,73.6952,19.7319,0.366465,-0.930432
26.7,73.7444,19.6051,0.366458,-0.930435
26.8,73.7935,19.4784,0.366434,-0.930444
26.9,73.8426,19.3519,0.366397,-0.930459
27,73.8915,19.2254,0.366349,-0.930477
27.1,73.9405,19.0991,0.366296,-0.930499
27.2,73.9893,18.9729,0.366241,-0.93052
27.3,74.0381,18.8468,0.366189,-0.930541
27.4,74.0869,18.7208,0.366144,-0.930558
27.5,74.1356,18.5949,0.366109,-0.930572
27.6,74.1842,18.4692,0.366084,-0.930582
27.7,74.2328,18.3435,0.366068,-0.930588
27.8,74.2814,18.2179,0.366056,-0.930593
27.9,74.3299,18.0924,0.366043,-0.930598
28,74.3784,17.967,0.366019,-0.930607
28.1,74.4268,17.8417,0.365971,-0.930626
28.2,74.4752,17.7164,0.365886,-0.93066
28.3,74.5235,17.5912,0.36575,-0.930713
28.4,74.5718,17.4661,0.365548,-0.930793
28.5,74.62,17.3409,0.365268,-0.930902
28.6,74.6681,17.2157,0.364902,-0.931046
28.7,74.7161,17.0905,0.364444,-0.931225
28.8,74.764,16.9652,0.363867,-0.931451
28.9,74.8118,16.8397,0.363159,-0.931727
29,74.8595,16.7142,0.362335,-0.932048
29.1,74.9069,16.5885,0.361413,-0.932406
29.2,74.9542,16.4627,0.360417,-0.932791
29.3,75.0013,16.3367,0.35937,-0.933195
29.4,75.0482,16.2107,0.358301,-0.933606
29.5,75.0948,16.0846,0.357242,-0.934012
29.6,75.1412,15.9586,0.356229,-0.934399
29.7,75.1873,15.8325,0.355302,-0.934752
29.8,75.2332,15.7067,0.354502,-0.935055
29.9,75.2789,15.581,0.353874,-0.935293
30,75.3243,15.4557,0.35341,-0.935469
30.1,75.3695,15.3307,0.353179,-0.935556
30.2,75.4146,15.2063,0.353225,-0.935538
30.3,75.4595,15.0824,0.353564,-0.93541
30.4,75.5043,14.959,0.3542,-0.93517
30.5,75.5491,14.8362,0.35509,-0.934832
30.6,75.594,14.714,0.356179,-0.934418
30.7,75.6389,14.5924,0.357411,-0.933947
30.8,75.6839,14.4712,0.358728,-0.933442
30.9,75.7291,14.3506,0.360145,-0.932896
31,75.7744,14.2304,0.361613,-0.932328
31.1,75.8198,14.1106,0.363061,-0.931766
31.2,75.8655,13.9912,0.364432,-0.93123
31.3,75.9113,13.8721,0.365682,-0.93074
31.4,75.9572,13.7532,0.366781,-0.930308
31.5,76.0033,13.6344,0.367706,-0.929942
31.6,76.0495,13.5158,0.368445,-0.929649
31.7,76.0959,13.3972,0.368997,-0.92943
31.8,76.1423,13.2786,0.369344,-0.929293
31.9,76.1887,13.1601,0.36953,-0.929219
32,76.2351,13.0416,0.369594,-0.929193
32.1,76.2816,12.923,0.369563,-0.929206
32.2,76.328,12.8045,0.36946,-0.929247
32.3,76.3743,12.686,0.369304,-0.929309
32.4,76.4207,12.5675,0.36911,-0.929386
32.5,76.4669,12.449,0.368885,-0.929475
32.6,76.5131,12.3305,0.368634,-0.929575
32.7,76.5593,12.2119,0.368354,-0.929685
32.8,76.6053,12.0934,0.368059,-0.929802
32.9,76.6514,11.9748,0.367735,-0.92993
33,76.6973,11.8561,0.367369,-0.930075
33.1,76.7432,11.7373,0.366941,-0.930244
33.2,76.7891,11.6184,0.366435,-0.930444
33.3,76.8349,11.4992,0.365836,-0.930679
33.4,76.8807,11.3797,0.365134,-0.930955
33.5,76.9264,11.26,0.364322,-0.931273
33.6,76.972,11.1399,0.363402,-0.931632
33.7,77.0174,11.0195,0.36216,-0.932116
33.8,77.0626,10.8988,0.360665,-0.932696
33.9,77.1074,10.778,0.359032,-0.933325
34,77.1519,10.6571,0.357377,-0.93396
34.1,77.1961,10.5363,0.355825,-0.934553
34.2,77.2398,10.4156,0.354506,-0.935054
34.3,77.2833,10.2953,0.353543,-0.935418
34.4,77.3264,10.1754,0.353039,-0.935609
34.5,77.3693,10.0561,0.353061,-0.9356
34.6,77.4121,9.93734,0.35364,-0.935382
34.7,77.4549,9.81929,0.354763,-0.934956
34.8,77.4978,9.70191,0.356382,-0.93434
34.9,77.5409,9.5852,0.358423,-0.933559
35,77.5842,9.46935,0.360876,-0.932614
35.1,77.6278,9.35438,0.363731,-0.931504
35.2,77.6718,9.24023,0.366852,-0.930279
35.3,77.7162,9.12673,0.370086,-0.928998
35.4,77.7611,9.01375,0.373282,-0.927718
35.5,77.8066,8.90107,0.376315,-0.926492
35.6,77.8526,8.78852,0.379089,-0.92536
35.7,77.8992,8.67589,0.381522,-0.92436
35.8,77.9464,8.56299,0.383537,-0.923526
35.9,77.9941,8.44962,0.385059,-0.922892
36,78.0423,8.33558,0.386032,-0.922486
36.1,78.091,8.22076,0.386635,-0.922233
36.2,78.1402,8.10505,0.386987,-0.922085
36.3,78.1897,7.9883,0.386651,-0.922226
36.4,78.2395,7.87036,0.385628,-0.922654
36.5,78.2894,7.75114,0.383975,-0.923344
36.6,78.3393,7.63056,0.381761,-0.924261
36.7,78.3892,7.5086,0.379088,-0.925361
36.8,78.439,7.38525,0.376072,-0.926591
36.9,78.4885,7.26056,0.372836,-0.927897
37,78.5378,7.13459,0.369496,-0.929232
37.1,78.5867,7.00741,0.366163,-0.930551
37.2,78.6353,6.87913,0.362916,-0.931822
37.3,78.6836,6.74997,0.360307,-0.932834
37.4,78.7316,6.62006,0.358011,-0.933717
37.5,78.7794,6.4895,0.355909,-0.934521
37.6,78.8269,6.35835,0.353972,-0.935256
37.7,78.8743,6.22672,0.352484,-0.935818
37.8,78.9214,6.09467,0.351088,-0.936343
37.9,78.9684,5.96223,0.349805,-0.936823
38,79.0153,5.82945,0.34865,-0.937253
38.1,79.062,5.69638,0.347647,-0.937626
38.2,79.1085,5.56306,0.346791,-0.937942
38.3,79.155,5.42953,0.346078,-0.938206
38.4,79.2014,5.29583,0.345503,-0.938418
38.5,79.2477,5.162,0.345058,-0.938582
38.6,79.2939,5.02805,0.344734,-0.9387
38.7,79.3402,4.89403,0.344516,-0.93878
38.8,79.3864,4.75994,0.344377,-0.938832
38.9,79.4326,4.6258,0.344318,-0.938853
39,79.4789,4.49175,0.34474,-0.938698
39.1,79.5252,4.35781,0.345321,-0.938485
39.2,79.5716,4.22397,0.345922,-0.938263
39.3,79.6182,4.09023,0.3467,-0.937976
39.4,79.6649,3.95654,0.347344,-0.937738
39.5,79.7118,3.82284,0.34785,-0.93755
39.6,79.7587,3.68909,0.348215,-0.937415
39.7,79.8057,3.55522,0.348441,-0.937331
39.8,79.8528,3.42121,0.34853,-0.937297
39.9,79.8999,3.28702,0.34849,-0.937312
40,79.9471,3.15262,0.34833,-0.937372
40.1,79.9942,3.018,0.348064,-0.937471
40.2,80.0414,2.88315,0.347709,-0.937603
40.3,80.0885,2.74808,0.347284,-0.93776
40.4,80.1356,2.61279,0.34681,-0.937935
40.5,80.1826,2.47731,0.346292,-0.938127
40.6,80.2295,2.34167,0.345776,-0.938317
40.7,80.2764,2.20599,0.345669,-0.938357
40.8,80.3233,2.07037,0.345746,-0.938328
40.9,80.3702,1.93483,0.34592,-0.938264
41,80.4171,1.7994,0.346166,-0.938173
41.1,80.464,1.66409,0.346464,-0.938063
41.2,80.511,1.52892,0.346801,-0.937939
41.3,80.5579,1.39389,0.347172,-0.937801
41.4,80.6049,1.259,0.347567,-0.937655
41.5,80.652,1.12423,0.347974,-0.937504
41.6,80.6991,0.989581,0.348382,-0.937353
41.7,80.7462,0.855029,0.348777,-0.937206
41.8,80.7934,0.720553,0.349152,-0.937066
41.9,80.8406,0.586129,0.3495,-0.936936
42,80.8879,0.451733,0.349819,-0.936818
42.1,80.9353,0.31738,0.350295,-0.936639
42.2,80.9827,0.183044,0.350702,-0.936487
42.3,81.0302,0.048709,0.351023,-0.936367
42.4,81.0778,-0.085643,0.351276,-0.936272
42.5,81.1254,-0.220031,0.351474,-0.936198
42.6,81.1731,-0.354474,0.351626,-0.93614
42.7,81.2208,-0.488985,0.351741,-0.936097
42.8,81.2686,-0.623575,0.351828,-0.936065
42.9,81.3164,-0.758251,0.351895,-0.936039
43,81.3642,-0.893014,0.351955,-0.936017
43.1,81.4121,-1.02786,0.352022,-0.935992
43.2,81.46,-1.16277,0.352111,-0.935958
43.3,81.508,-1.29765,0.352541,-0.935796
43.4,81.5561,-1.43246,0.353259,-0.935525
43.5,81.6044,-1.56716,0.354123,-0.935199
43.6,81.6528,-1.70175,0.355056,-0.934845
43.7,81.7015,-1.83622,0.356017,-0.93448
43.8,81.7503,-1.97057,0.356983,-0.934111
43.9,81.7992,-2.10479,0.357943,-0.933744
44,81.8484,-2.23887,0.35889,-0.93338
44.1,81.8977,-2.37282,0.359822,-0.933021
44.2,81.9472,-2.50664,0.360736,-0.932668
44.3,81.9968,-2.64032,0.361631,-0.932321
44.4,82.0466,-2.77387,0.362503,-0.931983
44.5,82.0966,-2.9073,0.363349,-0.931653
44.6,82.1467,-3.04059,0.364164,-0.931335
44.7,82.1969,-3.17377,0.364945,-0.931029
44.8,82.2472,-3.30683,0.365689,-0.930737
44.9,82.2977,-3.43978,0.366376,-0.930467
45,82.3482,-3.57261,0.36701,-0.930217
45.1,82.3989,-3.70534,0.367595,-0.929986
45.2,82.4496,-3.83797,0.368135,-0.929773
45.3,82.5005,-3.97049,0.368631,-0.929576
45.4,82.5514,-4.10293,0.369089,-0.929394
45.5,82.6023,-4.23528,0.369512,-0.929226
45.6,82.6533,-4.36755,0.369903,-0.92907
45.7,82.7044,-4.49974,0.370266,-0.928926
45.8,82.7555,-4.63185,0.370605,-0.928791
45.9,82.8066,-4.76388,0.370921,-0.928664
46,82.8578,-4.89584,0.371219,-0.928545
46.1,82.909,-5.02773,0.371502,-0.928432
46.2,82.9602,-5.15954,0.371772,-0.928324
46.3,83.0115,-5.29129,0.372031,-0.92822
46.4,83.0628,-5.42297,0.372281,-0.92812
46.5,83.1141,-5.55459,0.372524,-0.928023
46.6,83.1655,-5.68614,0.372762,-0.927927
46.7,83.2169,-5.81763,0.372996,-0.927833
46.8,83.2683,-5.94907,0.373226,-0.927741
46.9,83.3197,-6.08045,0.37345,-0.92765
47,83.3711,-6.21178,0.37367,-0.927562
47.1,83.4226,-6.34306,0.373884,-0.927476
47.2,83.4741,-6.4743,0.374092,-0.927392
47.3,83.5257,-6.60548,0.374294,-0.92731
47.4,83.5772,-6.73662,0.374491,-0.92723
47.5,83.6288,-6.86772,0.374683,-0.927153
47.6,83.6804,-6.99878,0.374868,-0.927078
47.7,83.7321,-7.1298,0.375047,-0.927006
47.8,83.7837,-7.26078,0.375221,-0.926935
47.9,83.8354,-7.39172,0.375388,-0.926868
48,83.887,-7.52263,0.375549,-0.926803
48.1,83.9388,-7.6535,0.375704,-0.92674
48.2,83.9905,-7.78434,0.375853,-0.926679
48.3,84.0422,-7.91514,0.375996,-0.926621
48.4,84.094,-8.04591,0.376133,-0.926566
48.5,84.1457,-8.17665,0.376265,-0.926512
48.6,84.1975,-8.30735,0.376392,-0.926461
48.7,84.2493,-8.43803,0.376514,-0.926411
48.8,84.3011,-8.56867,0.376631,-0.926363
48.9,84.3529,-8.69928,0.376744,-0.926318
49,84.4047,-8.82987,0.376852,-0.926273
49.1,84.4565,-8.96042,0.376957,-0.926231
49.2,84.5083,-9.09095,0.377058,-0.92619
49.3,84.5602,-9.22145,0.377155,-0.92615
49.4,84.612,-9.35192,0.377249,-0.926112
49.5,84.6638,-9.48236,0.37734,-0.926075
49.6,84.7157,-9.61278,0.377431,-0.926038
49.7,84.7675,-9.74318,0.37752,-0.926001
49.8,84.8194,-9.87354,0.377607,-0.925966
49.9,84.8713,-10.0039,0.377691,-0.925932
50,84.9231,-10.1342,0.377771,-0.925899
50.1,84.975,-10.2645,0.377848,-0.925868
50.2,85.0269,-10.3948,0.377922,-0.925837
50.3,85.0788,-10.525,0.377993,-0.925808
50.4,85.1306,-10.6553,0.378061,-0.925781
50.5,85.1825,-10.7855,0.378127,-0.925754
50.6,85.2344,-10.9157,0.37819,-0.925728
50.7,85.2863,-11.0458,0.37825,-0.925703
50.8,85.3382,-11.176,0.378309,-0.925679
50.9,85.39,-11.3061,0.378365,-0.925656
51,85.4419,-11.4362,0.37842,-0.925634
51.1,85.4938,-11.5663,0.378473,-0.925612
51.2,85.5457,-11.6964,0.378525,-0.925591
51.3,85.5975,-11.8264,0.378575,-0.925571
51.4,85.6494,-11.9564,0.378623,-0.925551
51.5,85.7012,-12.0864,0.378671,-0.925531
51.6,85.7531,-12.2164,0.378717,-0.925513
51.7,85.8049,-12.3463,0.378761,-0.925494
51.8,85.8568,-12.4763,0.378805,-0.925477
51.9,85.9086,-12.6062,0.378847,-0.925459
52,85.9605,-12.7361,0.378889,-0.925442
52.1,86.0123,-12.8659,0.378929,-0.925426
52.2,86.0641,-12.9958,0.378969,-0.925409
52.3,86.1159,-13.1256,0.379008,-0.925393
52.4,86.1678,-13.2554,0.379046,-0.925378
52.5,86.2196,-13.3852,0.379083,-0.925362
52.6,86.2714,-13.515,0.37912,-0.925347
52.7,86.3231,-13.6447,0.379157,-0.925333
52.8,86.3749,-13.7745,0.379192,-0.925318
52.9,86.4267,-13.9042,0.379227,-0.925304
53,86.4785,-14.0339,0.379261,-0.92529
53.1,86.5303,-14.1635,0.379295,-0.925276
53.2,86.582,-14.2932,0.379329,-0.925262
53.3,86.6338,-14.4228,0.379362,-0.925248
53.4,86.6855,-14.5524,0.379394,-0.925235
53.5,86.7372,-14.682,0.379427,-0.925222
53.6,86.7889,-14.8115,0.379459,-0.925208
53.7,86.8406,-14.9411,0.379491,-0.925195
53.8,86.8923,-15.0706,0.379523,-0.925182
53.9,86.944,-15.2001,0.379555,-0.925169
54,86.9957,-15.3295,0.379586,-0.925156
54.1,87.0474,-15.459,0.379618,-0.925143
54.2,87.0991,-15.5884,0.37965,-0.92513
54.3,87.1507,-15.7178,0.379681,-0.925117
54.4,87.2024,-15.8472,0.379712,-0.925105
54.5,87.254,-15.9766,0.379744,-0.925092
54.6,87.3056,-16.1059,0.379775,-0.925079
54.7,87.3573,-16.2352,0.379807,-0.925066
54.8,87.4089,-16.3645,0.379839,-0.925053
54.9,87.4605,-16.4937,0.379871,-0.925039
55,87.512,-16.623,0.379903,-0.925026
55.1,87.5636,-16.7522,0.379936,-0.925013
55.2,87.6152,-16.8814,0.379969,-0.924999
55.3,87.6667,-17.0106,0.380002,-0.924986
55.4,87.7183,-17.1397,0.380036,-0.924972
55.5,87.7698,-17.2688,0.38007,-0.924958
55.6,87.8213,-17.3979,0.380105,-0.924943
55.7,87.8728,-17.527,0.38014,-0.924929
55.8,87.9243,-17.656,0.380176,-0.924914
55.9,87.9758,-17.785,0.380212,-0.924899
56,88.0273,-17.914,0.380249,-0.924884
56.1,88.0788,-18.043,0.380286,-0.924869
56.2,88.1302,-18.1719,0.380325,-0.924853
56.3,88.1817,-18.3008,0.380364,-0.924837
56.4,88.2331,-18.4297,0.380404,-0.924821
56.5,88.2845,-18.5585,0.380445,-0.924804
56.6,88.3359,-18.6874,0.380487,-0.924786
56.7,88.3873,-18.8162,0.38053,-0.924769
56.8,88.4387,-18.9449,0.380574,-0.924751
56.9,88.4901,-19.0737,0.380619,-0.924732
57,88.5415,-19.2024,0.380665,-0.924713
57.1,88.5928,-19.331,0.380713,-0.924693
57.2,88.6442,-19.4597,0.380762,-0.924673
57.3,88.6955,-19.5883,0.380812,-0.924652
57.4,88.7468,-19.7169,0.380869,-0.924629
57.5,88.7981,-19.8454,0.380929,-0.924604
57.6,88.8494,-19.9739,0.380993,-0.924578
57.7,88.9007,-20.1024,0.38106,-0.92455
57.8,88.952,-20.2308,0.381128,-0.924522
57.9,89.0033,-20.3592,0.381198,-0.924493
58,89.0546,-20.4876,0.38127,-0.924464
58.1,89.1059,-20.6159,0.381345,-0.924433
58.2,89.1571,-20.7442,0.381421,-0.924402
58.3,89.2084,-20.8725,0.381499,-0.924369
58.4,89.2596,-21.0007,0.381579,-0.924336
58.5,89.3109,-21.1289,0.381661,-0.924302
58.6,89.3621,-21.2571,0.381746,-0.924267
58.7,89.4133,-21.3852,0.381834,-0.924231
58.8,89.4645,-21.5132,0.381926,-0.924193
58.9,89.5158,-21.6413,0.382022,-0.924153
59,89.567,-21.7693,0.382122,-0.924112
59.1,89.6182,-21.8972,0.382225,-0.924069
59.2,89.6694,-22.0251,0.382333,-0.924025
59.3,89.7206,-22.153,0.382447,-0.923977
59.4,89.7718,-22.2808,0.382564,-0.923929
59.5,89.823,-22.4086,0.382685,-0.923879
59.6,89.8742,-22.5363,0.38281,-0.923827
59.7,89.9254,-22.664,0.382938,-0.923774
59.8,89.9766,-22.7917,0.38307,-0.92372
59.9,90.0278,-22.9193,0.383206,-0.923663
60,90.079,-23.0469,0.383346,-0.923605
60.1,90.1303,-23.1744,0.383491,-0.923545
60.2,90.1815,-23.3018,0.38364,-0.923483
60.3,90.2327,-23.4293,0.383794,-0.923419
60.4,90.284,-23.5566,0.383953,-0.923353
60.5,90.3352,-23.684,0.384117,-0.923285
60.6,90.3865,-23.8112,0.38429,-0.923212
60.7,90.4377,-23.9385,0.384473,-0.923136
60.8,90.489,-24.0657,0.384664,-0.923057
60.9,90.5403,-24.1928,0.384862,-0.922974
61,90.5916,-24.3198,0.385068,-0.922888
61.1,90.6429,-24.4469,0.38528,-0.9228
61.2,90.6942,-24.5738,0.385499,-0.922708
61.3,90.7456,-24.7007,0.385724,-0.922614
61.4,90.797,-24.8276,0.385956,-0.922517
61.5,90.8484,-24.9544,0.386194,-0.922418
61.6,90.8998,-25.0811,0.386436,-0.922316
61.7,90.9512,-25.2078,0.386683,-0.922213
61.8,91.0027,-25.3344,0.386934,-0.922108
61.9,91.0542,-25.461,0.387189,-0.922
62,91.1058,-25.5876,0.387449,-0.921891
62.1,91.1573,-25.714,0.387714,-0.92178
62.2,91.2089,-25.8405,0.387983,-0.921666
62.3,91.2605,-25.9668,0.388258,-0.921551
62.4,91.3122,-26.0931,0.388537,-0.921433
62.5,91.3639,-26.2194,0.388821,-0.921313
62.6,91.4156,-26.3456,0.38911,-0.921191
62.7,91.4673,-26.4717,0.389403,-0.921067
62.8,91.5191,-26.5978,0.389702,-0.920941
62.9,91.5709,-26.7238,0.390004,-0.920813
63,91.6228,-26.8498,0.390311,-0.920683
63.1,91.6747,-26.9757,0.390622,-0.920551
63.2,91.7266,-27.1016,0.390936,-0.920418
63.3,91.7786,-27.2274,0.391254,-0.920283
63.4,91.8306,-27.3531,0.391576,-0.920146
63.5,91.8827,-27.4788,0.391902,-0.920007
63.6,91.9348,-27.6044,0.39223,-0.919867
63.7,91.987,-27.7299,0.392561,-0.919726
63.8,92.0391,-27.8554,0.392893,-0.919584
63.9,92.0914,-27.9809,0.393227,-0.919442
64,92.1436,-28.1062,0.39356,-0.919299
64.1,92.196,-28.2315,0.393892,-0.919157
64.2,92.2483,-28.3567,0.394223,-0.919015
64.3,92.3007,-28.4819,0.394553,-0.918873
64.4,92.3531,-28.607,0.394881,-0.918732
64.5,92.4056,-28.732,0.395205,-0.918593
64.6,92.4581,-28.857,0.395526,-0.918455
64.7,92.5106,-28.9819,0.395842,-0.918319
64.8,92.5632,-29.1067,0.396152,-0.918185
64.9,92.6158,-29.2315,0.396455,-0.918054
65,92.6685,-29.3562,0.396749,-0.917927
65.1,92.7211,-29.4808,0.397036,-0.917803
65.2,92.7738,-29.6053,0.397312,-0.917684
65.3,92.8266,-29.7298,0.397577,-0.917569
65.4,92.8793,-29.8542,0.397831,-0.917459
65.5,92.9321,-29.9786,0.398072,-0.917354
65.6,92.9848,-30.1028,0.398299,-0.917256
65.7,93.0376,-30.2271,0.398511,-0.917164
65.8,93.0904,-30.3512,0.398744,-0.917062
65.9,93.1432,-30.4753,0.398915,-0.916988
66,93.196,-30.5992,0.3991,-0.916908
66.1,93.2488,-30.7231,0.399288,-0.916826
66.2,93.3016,-30.847,0.399468,-0.916747
66.3,93.3544,-30.9707,0.399634,-0.916675
66.4,93.4072,-31.0944,0.399783,-0.91661
66.5,93.4599,-31.218,0.399912,-0.916554
66.6,93.5127,-31.3415,0.400017,-0.916507
66.7,93.5654,-31.465,0.400098,-0.916472
66.8,93.6181,-31.5884,0.400151,-0.916449
66.9,93.6708,-31.7117,0.400176,-0.916438
67,93.7234,-31.8349,0.400173,-0.91644
67.1,93.776,-31.9581,0.40014,-0.916454
67.2,93.8285,-32.0812,0.400078,-0.916481
67.3,93.8809,-32.2043,0.399987,-0.916521
67.4,93.9333,-32.3273,0.399865,-0.916574
67.5,93.9856,-32.4502,0.399717,-0.916639
67.6,94.0378,-32.5731,0.399543,-0.916715
67.7,94.09,-32.6959,0.399344,-0.916801
67.8,94.142,-32.8187,0.399127,-0.916895
67.9,94.194,-32.9414,0.398893,-0.916997
68,94.2459,-33.0641,0.398641,-0.917107
68.1,94.2984,-33.1861,0.402593,-0.915379
68.2,94.3506,-33.3083,0.400933,-0.916107
68.3,94.4033,-33.43,0.404205,-0.914668
68.4,94.4564,-33.5512,0.406494,-0.913653
68.5,94.5097,-33.6722,0.408044,-0.912962
68.6,94.5631,-33.7929,0.40904,-0.912517
68.7,94.6166,-33.9134,0.409614,-0.912259
68.8,94.6701,-34.0338,0.409861,-0.912148
68.9,94.7235,-34.1541,0.40986,-0.912148
69,94.7769,-34.2743,0.409662,-0.912238
69.1,94.8301,-34.3944,0.409299,-0.9124
69.2,94.8831,-34.5145,0.408803,-0.912623
69.3,94.936,-34.6345,0.408211,-0.912887
69.4,94.9887,-34.7545,0.407575,-0.913171
69.5,95.0412,-34.8744,0.406904,-0.913471
69.6,95.0935,-34.9943,0.406077,-0.913839
69.7,95.1455,-35.1141,0.405133,-0.914258
69.8,95.1972,-35.234,0.404094,-0.914717
69.9,95.2487,-35.3538,0.402985,-0.915207
70,95.2998,-35.4735,0.401791,-0.915731
70.1,95.3506,-35.5933,0.400505,-0.916295
70.2,95.4011,-35.713,0.399122,-0.916898
70.3,95.4511,-35.8326,0.39765,-0.917537
70.4,95.5007,-35.9523,0.396072,-0.918219
70.5,95.5499,-36.0719,0.394397,-0.91894
70.6,95.5987,-36.1914,0.392641,-0.919692
70.7,95.647,-36.311,0.390783,-0.920483
70.8,95.6947,-36.4305,0.388819,-0.921314
70.9,95.742,-36.5499,0.386805,-0.922161
71,95.7887,-36.6693,0.384703,-0.92304
71.1,95.8347,-36.7887,0.382458,-0.923973
71.2,95.8802,-36.9079,0.380091,-0.924949
71.3,95.9251,-37.0271,0.377702,-0.925927
71.4,95.9693,-37.1463,0.375299,-0.926904
71.5,96.0129,-37.2653,0.373256,-0.927728
71.6,96.0561,-37.3843,0.371575,-0.928403
71.7,96.0988,-37.5031,0.369882,-0.929079
71.8,96.1411,-37.6218,0.368789,-0.929513
71.9,96.183,-37.7404,0.367146,-0.930164
72,96.2242,-37.8588,0.365153,-0.930948
72.1,96.2648,-37.977,0.363232,-0.931699
72.2,96.305,-38.0949,0.361516,-0.932366
72.3,96.3446,-38.2127,0.3602,-0.932875
72.4,96.3838,-38.33,0.359235,-0.933247
72.5,96.4226,-38.4471,0.358493,-0.933532
72.6,96.461,-38.5638,0.357758,-0.933814
72.7,96.499,-38.6802,0.356776,-0.93419
72.8,96.5366,-38.7961,0.355953,-0.934504
72.9,96.5737,-38.9116,0.355204,-0.934789
73,96.6104,-39.0266,0.35464,-0.935003
73.1,96.647,-39.1415,0.355057,-0.934845
73.2,96.6836,-39.2562,0.355631,-0.934626
73.3,96.7201,-39.3706,0.355979,-0.934494
73.4,96.7561,-39.4848,0.355373,-0.934725
73.5,96.7913,-39.5986,0.352049,-0.935982
73.6,96.8255,-39.7115,0.350002,-0.936749
73.7,96.8587,-39.8233,0.347578,-0.937651
73.8,96.8909,-39.9343,0.3452,-0.938529
73.9,96.9221,-40.0446,0.342085,-0.939669
74,96.9541,-40.1538,0.348686,-0.93724
74.1,96.9844,-40.2624,0.341939,-0.939722
74.2,97.0152,-40.3693,0.348391,-0.937349
74.3,97.0453,-40.4753,0.347535,-0.937667
74.4,97.0746,-40.5804,0.345222,-0.938521
74.5,97.1016,-40.6856,0.334947,-0.942237
74.6,97.1168,-40.7874,0.280093,-0.959973
74.7,97.144,-40.8845,0.353475,-0.935444
74.8,97.1723,-40.9783,0.366102,-0.930575
74.9,97.2035,-41.0757,0.374152,-0.927367
75,97.2376,-41.1712,0.393455,-0.919344
75.1,97.2734,-41.2686,0.398067,-0.917356
75.2,97.3007,-41.3676,0.353375,-0.935482
75.3,97.3349,-41.4354,0.463634,-0.886027
75.4,97.3688,-41.5151,0.430602,-0.902542
75.5,97.3783,-41.553,0.397916,-0.917422
75.6,97.4244,-41.6153,0.541231,-0.840874
75.7,97.4471,-41.6334,0.577603,-0.816318
75.8,97.4612,-41.677,0.411981,-0.911192
75.9,97.4897,-41.7374,0.453989,-0.891007
76,97.4718,-41.7883,0.137261,-0.990535
76.1,97.5035,-41.8279,0.544645,-0.838667
76.2,97.5704,-41.9155,0.560228,-0.828338
76.3,97.6123,-41.9882,0.490457,-0.871465
76.4,97.6423,-42.0802,0.383287,-0.923629
76.5,97.6655,-42.1791,0.335076,-0.942191
76.6,97.6395,-42.2693,0.0521232,-0.998641
76.7,97.6325,-42.3542,0.184501,-0.982832
76.8,97.6651,-42.4697,0.356742,-0.934203
76.9,97.6565,-42.5569,0.17552,-0.984476
77,97.6784,-42.6505,0.3478,-0.937569
77.1,97.7062,-42.7527,0.362567,-0.931958
77.2,97.703,-42.8942,0.159372,-0.987219
77.3,97.743,-43.0611,0.318403,-0.947955
77.4,97.7416,-43.2411,0.145339,-0.989382
77.5,97.7162,-43.3918,0.056562,-0.998399
77.6,97.7274,-43.5714,0.202515,-0.979279
77.7,97.6915,-43.7343,0.0128914,-0.999917
77.8,97.6939,-43.9095,0.177678,-0.984089
77.9,97.6713,-44.0501,0.0896976,-0.995969
78,97.6637,-44.1996,0.160889,-0.986973
78.1,97.616,-44.3486,-0.0280856,-0.999606
78.2,97.6219,-44.5314,0.200769,-0.979639
78.3,97.6672,-44.6937,0.379836,-0.925054
78.4,97.6626,-44.8586,0.178012,-0.984028
78.5,97.6118,-45.0181,-0.0267228,-0.999643
78.6,97.5791,-45.1311,0.0818748,-0.996643
78.7,97.5585,-45.2395,0.163096,-0.98661
78.8,97.5508,-45.3492,0.241393,-0.970428
78.9,97.5438,-45.4525,0.259623,-0.96571
79,97.5464,-45.5555,0.319921,-0.947444
79.1,97.5624,-45.6588,0.393913,-0.919148
79.2,97.555,-45.7231,0.352449,-0.935831
79.3,97.562,-45.7952,0.430226,-0.902721
79.4,97.5849,-45.8787,0.488625,-0.872494
79.5,97.5963,-45.9798,0.38722,-0.921987
79.6,97.619,-46.0323,0.598173,-0.801367
79.7,97.6464,-46.0862,0.617525,-0.786551
79.8,97.6763,-46.1628,0.553748,-0.832684
79.9,97.6612,-46.261,0.249417,-0.968396
80,97.6833,-46.3927,0.389645,-0.920965
80.1,97.678,-46.5496,0.233257,-0.972415
80.2,97.7045,-46.7038,0.379855,-0.925046
80.3,97.7393,-46.8495,0.432338,-0.901712
80.4,97.7691,-46.9923,0.423211,-0.906031
80.5,97.7891,-47.1562,0.352329,-0.935876
80.6,97.8207,-47.3088,0.423362,-0.905961
80.7,97.86,-47.4567,0.467087,-0.884211
80.8,97.9066,-47.5884,0.533879,-0.845561
80.9,97.9566,-47.7023,0.59385,-0.804576
81,98.0104,-47.8042,0.643384,-0.765544
81.1,98.0525,-47.93,0.543815,-0.839205
81.2,98.0929,-48.0345,0.598729,-0.800952
81.3,98.1352,-48.1395,0.609106,-0.793089
81.4,98.1724,-48.2384,0.612931,-0.790137
81.5,98.2154,-48.3364,0.641971,-0.766729
81.6,98.2644,-48.431,0.677452,-0.735567
81.7,98.322,-48.5013,0.782079,-0.623179
81.8,98.3855,-48.6114,0.684667,-0.728856
81.9,98.4384,-48.7444,0.599038,-0.80072
82,98.4702,-48.87,0.549258,-0.835653
82.1,98.517,-48.9849,0.639746,-0.768587
82.2,98.5753,-49.0927,0.70217,-0.712009
82.3,98.6405,-49.1972,0.735207,-0.677843
82.4,98.7088,-49.3102,0.725865,-0.687837
82.5,98.7822,-49.4171,0.760102,-0.649804
82.6,98.8357,-49.4923,0.81311,-0.58211
82.7,98.8541,-49.5553,0.763216,-0.646143
82.8,98.8814,-49.6419,0.707715,-0.706498
82.9,98.9212,-49.7194,0.787841,-0.615878
83,98.9668,-49.7901,0.831359,-0.555735
83.1,98.9856,-49.8572,0.776788,-0.629762
83.2,99.0192,-49.9212,0.838314,-0.545188
83.3,99.0581,-49.9804,0.871944,-0.489606
83.4,99.0949,-50.0309,0.902676,-0.43032
83.5,99.0856,-50.0622,0.893301,-0.449458
83.6,99.0664,-50.1237,0.645789,-0.763516
83.7,99.0744,-50.1788,0.831259,-0.555885
83.8,99.0925,-50.2297,0.883439,-0.468547
83.9,99.1311,-50.2749,0.938811,-0.344432
84,99.1834,-50.3191,0.955844,-0.293873
84.1,99.2137,-50.3615,0.945244,-0.326365
84.2,99.2552,-50.4012,0.96363,-0.26724
84.3,99.283,-50.4313,0.979648,-0.200725
84.4,99.3211,-50.4657,0.976987,-0.213299
84.5,99.3574,-50.4994,0.979351,-0.20217
84.6,99.4043,-50.5268,0.992317,-0.123718
84.7,99.485,-50.5484,0.998691,-0.0511458
84.8,99.586,-50.535,0.986345,0.16469
84.9,99.6858,-50.5111,0.974134,0.22597
85,99.7489,-50.4613,0.896599,0.442842
85.1,99.8449,-50.4491,0.987546,0.15733
85.2,99.9567,-50.4044,0.950487,0.310765
85.3,100.056,-50.4081,0.998271,0.0587754
85.4,100.135,-50.3552,0.909808,0.415028
85.5,100.173,-50.2745,0.74985,0.661608
85.6,100.217,-50.2116,0.84011,0.542416
85.7,100.235,-50.1666,0.854381,0.519646
85.8,100.248,-50.1304,0.888754,0.458384
85.9,100.261,-50.1441,0.994681,-0.103005
86,100.293,-50.1672,0.986015,-0.166654
86.1,100.308,-50.2372,0.80058,-0.599226
86.2,100.359,-50.3543,0.74553,-0.666472
86.3,100.405,-50.4567,0.793172,-0.608998
86.4,100.496,-50.5498,0.906683,-0.421812
86.5,100.623,-50.7062,0.824296,-0.566159
86.6,100.72,-50.8432,0.834182,-0.551489
86.7,100.795,-50.9458,0.901493,-0.432794
86.8,100.868,-51.0061,0.991273,-0.131828
86.9,100.918,-51.0222,0.958371,0.285525
87,100.907,-51.032,0.716888,0.697189
87.1,100.917,-51.0801,0.999999,-0.00150314
87.2,100.965,-51.0473,0.762903,0.646513
87.3,101.061,-51.0312,0.910848,0.412741
87.4,101.151,-51.079,0.999579,0.0290049
87.5,101.18,-51.0336,0.583725,0.811952
87.6,101.271,-50.9507,0.698308,0.715798
87.7,101.377,-50.9375,0.908442,0.418011
87.8,101.471,-50.9089,0.835941,0.548819
87.9,101.54,-50.9249,0.919244,0.393688
88,101.584,-50.9846,0.999226,0.0393373
88.1,101.678,-51.0371,0.995196,0.0979025
88.2,101.765,-51.1096,0.998651,-0.051925
88.3,101.88,-51.1412,0.962047,0.272883
88.4,101.983,-51.1269,0.796549,0.604574
88.5,102.038,-51.0774,0.425959,0.904742
88.6,101.999,-51.0408,-0.365115,0.930962
88.7,102.009,-51.0058,0.0926859,0.995695
88.8,101.992,-50.994,-0.209827,0.977739
88.9,102.059,-50.9672,0.573104,0.819482
89,102.149,-50.8961,0.52109,0.853501
89.1,102.142,-50.8598,-0.178012,0.984028
89.2,102.205,-50.8174,0.421743,0.906716
89.3,102.224,-50.7852,0.0182007,0.999834
89.4,102.271,-50.7962,0.446867,0.894601
89.5,102.316,-50.7751,0.251641,0.967821
89.6,102.308,-50.7547,-0.383178,0.923675
89.7,102.296,-50.7876,-0.764449,0.644684
89.8,102.298,-50.7815,-0.299588,0.954069
89.9,102.484,-50.9076,0.935426,-0.353523
90,102.695,-51.0195,0.962687,-0.270616
90.1,102.79,-51.1129,0.843484,-0.537155
90.2,102.854,-51.1726,0.993571,-0.113211
90.3,102.917,-51.1907,0.490881,0.871227
90.4,102.965,-51.2061,0.133324,0.991073
90.5,103.058,-51.2154,0.73598,0.677003
90.6,103.137,-51.2521,0.901495,0.432789
90.7,103.186,-51.2883,0.082714,0.996573
90.8,103.237,-51.3238,0.225943,0.974141
90.9,103.263,-51.3466,-0.604552,0.796566
91,103.336,-51.368,0.648554,0.761169
91.1,103.37,-51.3931,-0.509768,0.860312
91.2,103.415,-51.4323,-0.509768,0.860312
91.3,103.434,-51.4595,-0.794283,0.607548
91.4,103.438,-51.469,-0.750879,0.66044
91.5,103.41,-51.5011,-0.973716,0.227766
91.6,103.421,-51.5119,-0.675136,0.737694
91.7,103.43,-51.4935,-0.487053,0.873372
91.8,103.454,-51.4438,-0.239393,0.970923
91.9,103.424,-51.4378,-0.821442,0.570293
92,103.394,-51.4107,-0.720207,0.69376
92.1,103.393,-51.3436,-0.391448,0.9202
92.2,103.347,-51.2901,-0.688789,0.724962
92.3,103.322,-51.1916,-0.456064,0.889947
92.4,103.292,-51.1281,-0.596569,0.802561
92.5,103.218,-51.0883,-0.827975,0.560765
92.6,103.127,-51.0956,-0.964146,0.265373
92.7,103,-51.0889,-0.95426,0.298978
92.8,102.923,-51.1272,-0.99436,0.106061
92.9,102.933,-51.1351,-0.597104,0.802163
93,102.927,-51.1409,-0.724771,0.68899
93.1,102.917,-51.1622,-0.851795,0.523876
93.2,102.91,-51.2181,-0.999821,-0.0189222
93.3,102.87,-51.2341,-0.898385,0.439208
93.4,102.845,-51.2383,-0.775143,0.631786
93.5,102.785,-51.2729,-0.973948,0.226771
93.6,102.744,-51.2091,-0.532481,0.846442
93.7,102.703,-51.1104,-0.437887,0.89903
93.8,102.682,-51.0426,-0.418205,0.908353
93.9,102.586,-51.0233,-0.866776,0.498698
94,102.489,-51.0032,-0.852227,0.523172
94.1,102.441,-50.9753,-0.650684,0.759348
94.2,102.408,-50.9581,-0.607292,0.794479
94.3,102.365,-50.9519,-0.7071,0.707113
94.4,102.392,-51.0038,-0.7071,0.707113
94.5,102.35,-51.0521,-0.969837,0.243752
94.6,102.288,-51.0121,-0.621345,0.783537
94.7,102.306,-51.0458,-0.0369863,0.999316
94.8,102.367,-51.1459,0.78381,-0.621001
94.9,102.431,-51.1985,0.950231,0.311546
95,102.464,-51.0919,0.0527151,0.99861
95.1,102.447,-50.9774,-0.240446,0.970662
95.2,102.428,-50.9487,-0.459632,0.88811
95.3,102.466,-51.0253,0.559273,-0.828984
95.4,102.5,-51.1146,0.219566,-0.975598
95.5,102.545,-51.174,0.962239,0.272205
95.6,102.537,-51.2936,-0.552184,-0.833722
95.7,102.484,-51.3914,-0.923074,-0.384622
95.8,102.388,-51.4236,-0.962132,0.272585
95.9,102.346,-51.5185,-0.910882,-0.412666
96,102.298,-51.5803,-0.994808,0.101769
96.1,102.299,-51.5764,-0.166078,0.986113
96.2,102.279,-51.5083,-0.232301,0.972644
96.3,102.271,-51.4179,-0.128645,0.991691
96.4,102.191,-51.3615,-0.597809,0.801638
96.5,102.063,-51.3209,-0.780712,0.624892
96.6,101.894,-51.3255,-0.935753,0.352656
96.7,101.754,-51.3111,-0.847025,0.531554
96.8,101.608,-51.3463,-0.969574,0.244797
96.9,101.538,-51.256,-0.306696,0.951808
97,101.476,-51.0812,-0.152972,0.988231
97.1,101.498,-50.9579,0.272044,0.962285
97.2,101.575,-50.8655,0.576183,0.817321
97.3,101.643,-50.8506,0.785865,0.618398
97.4,101.662,-50.8699,0.713021,0.701143
97.5,101.654,-50.8383,0.184235,0.982882
97.6,101.715,-50.8715,0.940798,0.338968
97.7,101.771,-50.8801,0.800525,0.599299
97.8,101.805,-50.8502,0.466014,0.884777
97.9,101.78,-50.7733,-0.0657002,0.997839
98,101.716,-50.7285,-0.367752,0.929924
98.1,101.72,-50.7348,0.445821,0.895122
98.2,101.741,-50.7108,0.45949,0.888183
98.3,101.684,-50.6431,-0.241094,0.970502
98.4,101.723,-50.6435,0.746497,0.665389
98.5,101.798,-50.608,0.717101,0.69697
98.6,101.852,-50.4636,0.338532,0.940955
98.7,101.957,-50.3123,0.500701,0.86562
98.8,102.101,-50.253,0.766284,0.642502
98.9,102.194,-50.1479,0.36465,0.931145
