0.1,93.494,95.4727,-0.215098,-0.976593
0.2,93.4834,95.426,-0.217874,-0.975977
0.3,93.4683,95.3649,-0.226535,-0.974003
0.4,93.4489,95.2932,-0.238877,-0.97105
0.5,93.4256,95.2142,-0.251813,-0.967776
0.6,93.3991,95.1297,-0.262445,-0.964947
0.7,93.3702,95.0411,-0.26949,-0.963003
0.8,93.3397,94.9495,-0.273802,-0.961786
0.9,93.3083,94.8556,-0.27539,-0.961332
1,93.2765,94.7601,-0.274731,-0.961521
1.1,93.245,94.6635,-0.271692,-0.962384
1.2,93.2141,94.566,-0.266656,-0.963792
1.3,93.1843,94.4679,-0.260005,-0.965607
1.4,93.1563,94.3702,-0.250824,-0.968033
1.5,93.1302,94.2726,-0.240497,-0.97065
1.6,93.106,94.1749,-0.229869,-0.973221
1.7,93.0827,94.0767,-0.224196,-0.974544
1.8,93.0604,93.9779,-0.217798,-0.975994
1.9,93.0391,93.8779,-0.211119,-0.97746
2,93.0186,93.7764,-0.204599,-0.978846
2.1,92.9989,93.6732,-0.198651,-0.98007
2.2,92.9796,93.568,-0.193775,-0.981046
2.3,92.9606,93.4608,-0.190472,-0.981693
2.4,92.9415,93.3516,-0.18879,-0.982018
2.5,92.9221,93.2407,-0.188174,-0.982136
2.6,92.9023,93.1283,-0.189223,-0.981934
2.7,92.8818,93.0147,-0.191792,-0.981436
2.8,92.8604,92.9004,-0.195773,-0.980649
2.9,92.8379,92.7857,-0.200473,-0.979699
3,92.8145,92.6708,-0.205341,-0.978691
3.1,92.7902,92.556,-0.210347,-0.977627
3.2,92.7649,92.4416,-0.215077,-0.976597
3.3,92.7389,92.3274,-0.21934,-0.975648
3.4,92.7123,92.2137,-0.223045,-0.974808
3.5,92.6852,92.1006,-0.226079,-0.974109
3.6,92.6578,91.988,-0.228182,-0.973619
3.7,92.6304,91.876,-0.229423,-0.973327
3.8,92.603,91.7648,-0.229602,-0.973285
3.9,92.576,91.6542,-0.228832,-0.973466
4,92.5494,91.5442,-0.227303,-0.973824
4.1,92.5234,91.4349,-0.225039,-0.97435
4.2,92.4981,91.3264,-0.222349,-0.974967
4.3,92.4739,91.2197,-0.218743,-0.975782
4.4,92.451,91.1146,-0.213311,-0.976984
4.5,92.4297,91.0108,-0.20647,-0.978453
4.6,92.41,90.9077,-0.198828,-0.980034
4.7,92.3917,90.8048,-0.190959,-0.981598
4.8,92.3748,90.7018,-0.183239,-0.983069
4.9,92.3591,90.5981,-0.175842,-0.984418
5,92.3445,90.4937,-0.168796,-0.985651
5.1,92.331,90.3881,-0.162174,-0.986762
5.2,92.3184,90.2814,-0.156044,-0.98775
5.3,92.3065,90.1734,-0.150655,-0.988586
5.4,92.2952,90.0639,-0.146419,-0.989223
5.5,92.2843,89.953,-0.14375,-0.989614
5.6,92.2733,89.8407,-0.142675,-0.98977
5.7,92.2623,89.7269,-0.141617,-0.989921
5.8,92.2509,89.6116,-0.142603,-0.98978
5.9,92.2389,89.495,-0.14461,-0.989489
6,92.2263,89.3772,-0.147506,-0.989061
6.1,92.2128,89.2584,-0.150653,-0.988587
6.2,92.1986,89.1386,-0.153668,-0.988123
6.3,92.1839,89.0181,-0.156085,-0.987744
6.4,92.1687,88.8969,-0.157743,-0.98748
6.5,92.1533,88.7751,-0.158562,-0.987349
6.6,92.1378,88.6528,-0.158521,-0.987356
6.7,92.1222,88.5298,-0.158209,-0.987406
6.8,92.1067,88.4062,-0.157799,-0.987471
6.9,92.091,88.2819,-0.157741,-0.987481
7,92.0751,88.1569,-0.15815,-0.987415
7.1,92.0589,88.031,-0.159311,-0.987228
7.2,92.0422,87.9044,-0.161348,-0.986898
7.3,92.0246,87.7768,-0.164497,-0.986378
7.4,92.006,87.6483,-0.168852,-0.985641
7.5,91.9861,87.5187,-0.174409,-0.984673
7.6,91.9647,87.3882,-0.180869,-0.983507
7.7,91.9416,87.2567,-0.187878,-0.982192
7.8,91.9168,87.1244,-0.195013,-0.980801
7.9,91.8905,86.9911,-0.20182,-0.979423
8,91.8626,86.8573,-0.207817,-0.978168
8.1,91.8337,86.7229,-0.21251,-0.977159
8.2,91.8041,86.5882,-0.215496,-0.976505
8.3,91.7744,86.4535,-0.215563,-0.97649
8.4,91.7451,86.3189,-0.213817,-0.976874
8.5,91.7164,86.1845,-0.211407,-0.977398
8.6,91.6883,86.0506,-0.209001,-0.977915
8.7,91.6608,85.917,-0.206811,-0.978381
8.8,91.6337,85.7837,-0.204859,-0.978791
8.9,91.6071,85.6507,-0.203293,-0.979118
9,91.5808,85.5178,-0.201728,-0.979442
9.1,91.5549,85.3851,-0.200093,-0.979777
9.2,91.5311,85.2531,-0.190731,-0.981642
9.3,91.5085,85.1215,-0.185617,-0.982622
9.4,91.4868,84.9902,-0.181453,-0.9834
9.5,91.466,84.8592,-0.177841,-0.984059
9.6,91.4458,84.7285,-0.174655,-0.98463
9.7,91.427,84.5984,-0.168686,-0.98567
9.8,91.4095,84.4691,-0.163344,-0.986569
9.9,91.3929,84.3403,-0.159034,-0.987273
10,91.3771,84.2121,-0.155578,-0.987824
10.1,91.362,84.0844,-0.152799,-0.988257
10.2,91.3475,83.9572,-0.150235,-0.98865
10.3,91.3334,83.8304,-0.148133,-0.988967
10.4,91.3198,83.704,-0.146363,-0.989231
10.5,91.3066,83.578,-0.144814,-0.989459
10.6,91.2937,83.4522,-0.143383,-0.989667
10.7,91.2811,83.3267,-0.141966,-0.989872
10.8,91.2688,83.2012,-0.140451,-0.990088
10.9,91.2569,83.0758,-0.138746,-0.990328
11,91.2454,82.9504,-0.136798,-0.990599
11.1,91.2343,82.825,-0.134586,-0.990902
11.2,91.2237,82.6995,-0.132118,-0.991234
11.3,91.2136,82.5739,-0.129428,-0.991589
11.4,91.2041,82.4482,-0.126569,-0.991958
11.5,91.1952,82.3225,-0.123753,-0.992313
11.6,91.1868,82.1968,-0.120905,-0.992664
11.7,91.179,82.0711,-0.11813,-0.992998
11.8,91.1718,81.9454,-0.115535,-0.993303
11.9,91.165,81.8199,-0.112965,-0.993599
12,91.1587,81.6944,-0.110648,-0.99386
12.1,91.1529,81.5692,-0.108728,-0.994071
12.2,91.1473,81.4442,-0.107284,-0.994228
12.3,91.142,81.3195,-0.106343,-0.994329
12.4,91.1368,81.1951,-0.105891,-0.994378
12.5,91.1317,81.071,-0.105882,-0.994379
12.6,91.1265,80.9474,-0.106275,-0.994337
12.7,91.1212,80.8241,-0.107018,-0.994257
12.8,91.1158,80.7012,-0.108061,-0.994144
12.9,91.1102,80.5787,-0.109356,-0.994003
13,91.1043,80.4567,-0.110863,-0.993836
13.1,91.0982,80.3351,-0.112556,-0.993645
13.2,91.0918,80.2139,-0.114415,-0.993433
13.3,91.085,80.0932,-0.116435,-0.993198
13.4,91.0779,79.9731,-0.118617,-0.99294
13.5,91.0704,79.8534,-0.120973,-0.992656
13.6,91.0625,79.7342,-0.123525,-0.992342
13.7,91.0541,79.6154,-0.126308,-0.991991
13.8,91.0452,79.4972,-0.129321,-0.991603
13.9,91.0358,79.3793,-0.132654,-0.991162
14,91.0256,79.2617,-0.136294,-0.990668
14.1,91.0148,79.1444,-0.140171,-0.990127
14.2,91.0033,79.0273,-0.144187,-0.98955
14.3,90.9914,78.9101,-0.145904,-0.989299
14.4,90.9791,78.7928,-0.147872,-0.989007
14.5,90.9665,78.6753,-0.149314,-0.98879
14.6,90.9537,78.5576,-0.150377,-0.988629
14.7,90.9407,78.4397,-0.151154,-0.98851
14.8,90.9276,78.3214,-0.1517,-0.988427
14.9,90.9143,78.2028,-0.152101,-0.988365
15,90.9009,78.0837,-0.15229,-0.988336
15.1,90.8875,77.9642,-0.15234,-0.988328
15.2,90.874,77.8442,-0.152254,-0.988341
15.3,90.8605,77.7237,-0.152045,-0.988373
15.4,90.847,77.6028,-0.151733,-0.988422
15.5,90.8335,77.4814,-0.151331,-0.988483
15.6,90.82,77.3595,-0.150853,-0.988556
15.7,90.8065,77.2373,-0.150312,-0.988639
15.8,90.7932,77.1145,-0.149715,-0.988729
15.9,90.7799,76.9914,-0.149069,-0.988827
16,90.7666,76.8679,-0.148379,-0.988931
16.1,90.7535,76.744,-0.147647,-0.98904
16.2,90.7405,76.6197,-0.146874,-0.989155
16.3,90.7276,76.495,-0.146062,-0.989275
16.4,90.7148,76.37,-0.145213,-0.989401
16.5,90.7021,76.2446,-0.144329,-0.98953
16.6,90.6896,76.1189,-0.143412,-0.989663
16.7,90.6772,75.9929,-0.142456,-0.989801
16.8,90.665,75.8665,-0.141464,-0.989943
16.9,90.6529,75.7398,-0.140443,-0.990089
17,90.6411,75.6127,-0.139398,-0.990236
17.1,90.6294,75.4854,-0.13834,-0.990385
17.2,90.6178,75.3577,-0.137276,-0.990533
17.3,90.6065,75.2298,-0.136215,-0.990679
17.4,90.5953,75.1015,-0.135164,-0.990823
17.5,90.5843,74.973,-0.134131,-0.990964
17.6,90.5735,74.8441,-0.13312,-0.9911
17.7,90.5628,74.715,-0.132136,-0.991232
17.8,90.5523,74.5856,-0.131183,-0.991358
17.9,90.542,74.4559,-0.130265,-0.991479
18,90.5318,74.326,-0.129386,-0.991594
18.1,90.5218,74.1959,-0.128545,-0.991704
18.2,90.5119,74.0656,-0.12775,-0.991806
18.3,90.5022,73.9351,-0.127005,-0.991902
18.4,90.4925,73.8044,-0.126318,-0.99199
18.5,90.483,73.6736,-0.125698,-0.992069
18.6,90.4736,73.5427,-0.125152,-0.992137
18.7,90.4643,73.4117,-0.124693,-0.992195
18.8,90.4551,73.2807,-0.124333,-0.992241
18.9,90.4459,73.1497,-0.124085,-0.992272
19,90.4368,73.0187,-0.123961,-0.992287
19.1,90.4277,72.8878,-0.123976,-0.992285
19.2,90.4185,72.757,-0.124145,-0.992264
19.3,90.4094,72.6264,-0.124484,-0.992222
19.4,90.4001,72.496,-0.125014,-0.992155
19.5,90.3908,72.3658,-0.12575,-0.992062
19.6,90.3813,72.2359,-0.126712,-0.99194
19.7,90.3716,72.1064,-0.127912,-0.991786
19.8,90.3616,71.9772,-0.129359,-0.991598
19.9,90.3514,71.8484,-0.131052,-0.991376
20,90.3409,71.72,-0.132912,-0.991128
20.1,90.33,71.592,-0.134981,-0.990848
20.2,90.3187,71.4644,-0.137251,-0.990536
20.3,90.307,71.3372,-0.139684,-0.990196
20.4,90.2952,71.2107,-0.140615,-0.990064
20.5,90.2834,71.0849,-0.141194,-0.989982
20.6,90.2715,70.9598,-0.141961,-0.989872
20.7,90.2596,70.8354,-0.143095,-0.989709
20.8,90.2474,70.7117,-0.144407,-0.989518
20.9,90.2351,70.5885,-0.146044,-0.989278
21,90.2224,70.4658,-0.147879,-0.989005
21.1,90.2095,70.3435,-0.149796,-0.988717
21.2,90.1962,70.2215,-0.151696,-0.988427
21.3,90.1826,70.0998,-0.153497,-0.988149
21.4,90.1687,69.9782,-0.155143,-0.987892
21.5,90.1546,69.8567,-0.156588,-0.987664
21.6,90.1402,69.7352,-0.15781,-0.987469
21.7,90.1256,69.6138,-0.158806,-0.98731
21.8,90.1109,69.4923,-0.159584,-0.987184
21.9,90.0944,69.3709,-0.168719,-0.985664
22,90.077,69.2496,-0.173631,-0.984811
22.1,90.059,69.1284,-0.176428,-0.984314
22.2,90.0407,69.0073,-0.17811,-0.984011
22.3,90.0222,68.8862,-0.179161,-0.98382
22.4,90.0036,68.7653,-0.179818,-0.9837
22.5,89.9849,68.6445,-0.180229,-0.983625
22.6,89.9662,68.5239,-0.180483,-0.983578
22.7,89.9476,68.4033,-0.180642,-0.983549
22.8,89.9289,68.283,-0.180749,-0.983529
22.9,89.9103,68.1629,-0.180835,-0.983513
23,89.8916,68.0429,-0.180923,-0.983497
23.1,89.8731,67.9233,-0.181032,-0.983477
23.2,89.8545,67.8038,-0.181175,-0.983451
23.3,89.8359,67.6846,-0.181358,-0.983417
23.4,89.8174,67.5657,-0.181586,-0.983375
23.5,89.7988,67.4469,-0.181855,-0.983325
23.6,89.7806,67.3288,-0.180844,-0.983512
23.7,89.7627,67.2113,-0.179716,-0.983718
23.8,89.745,67.0944,-0.17887,-0.983873
23.9,89.7276,66.978,-0.178367,-0.983964
24,89.7103,66.8621,-0.178154,-0.984003
24.1,89.6931,66.7465,-0.178145,-0.984004
24.2,89.6759,66.6311,-0.178259,-0.983984
24.3,89.6586,66.5159,-0.178424,-0.983954
24.4,89.6413,66.4007,-0.179049,-0.98384
24.5,89.6238,66.2855,-0.179811,-0.983701
24.6,89.6064,66.1703,-0.179792,-0.983705
24.7,89.5888,66.0549,-0.180391,-0.983595
24.8,89.5713,65.9393,-0.179417,-0.983773
24.9,89.5541,65.8236,-0.177907,-0.984047
25,89.5372,65.7076,-0.176301,-0.984336
25.1,89.5206,65.5914,-0.174742,-0.984614
25.2,89.5042,65.475,-0.173271,-0.984874
25.3,89.488,65.3585,-0.1719,-0.985114
25.4,89.4721,65.2417,-0.170648,-0.985332
25.5,89.4563,65.1248,-0.169544,-0.985523
25.6,89.4407,65.0079,-0.16863,-0.98568
25.7,89.4253,64.8909,-0.168104,-0.985769
25.8,89.4098,64.7741,-0.167932,-0.985799
25.9,89.3944,64.6574,-0.16812,-0.985767
26,89.3786,64.5406,-0.169852,-0.98547
26.1,89.3625,64.4237,-0.171746,-0.985141
26.2,89.346,64.3067,-0.173567,-0.984822
26.3,89.3291,64.1897,-0.175343,-0.984507
26.4,89.3119,64.0727,-0.177156,-0.984183
26.5,89.2944,63.9559,-0.179083,-0.983834
26.6,89.2765,63.8391,-0.181179,-0.98345
26.7,89.2585,63.7229,-0.181984,-0.983302
26.8,89.2404,63.6073,-0.182766,-0.983157
26.9,89.2223,63.4924,-0.18405,-0.982917
27,89.204,63.3782,-0.185964,-0.982556
27.1,89.1852,63.2645,-0.188462,-0.982081
27.2,89.166,63.1513,-0.191444,-0.981503
27.3,89.1462,63.0385,-0.194771,-0.980849
27.4,89.1258,62.9259,-0.198314,-0.980139
27.5,89.1047,62.8135,-0.201946,-0.979397
27.6,89.083,62.7011,-0.205546,-0.978648
27.7,89.0606,62.5886,-0.209007,-0.977914
27.8,89.0375,62.4761,-0.212238,-0.977218
27.9,89.0138,62.3633,-0.215168,-0.976577
28,88.9895,62.2502,-0.217747,-0.976005
28.1,88.9648,62.1367,-0.21994,-0.975513
28.2,88.9396,62.0229,-0.221734,-0.975107
28.3,88.914,61.9086,-0.222835,-0.974856
28.4,88.8883,61.7939,-0.223388,-0.97473
28.5,88.8625,61.6789,-0.223501,-0.974704
28.6,88.8366,61.5634,-0.223252,-0.974761
28.7,88.8108,61.4475,-0.222708,-0.974885
28.8,88.785,61.3313,-0.221944,-0.97506
28.9,88.7593,61.2147,-0.221013,-0.975271
29,88.7337,61.0977,-0.219925,-0.975517
29.1,88.7083,60.9804,-0.218715,-0.975789
29.2,88.6832,60.8628,-0.21741,-0.97608
29.3,88.6582,60.7449,-0.216035,-0.976386
29.4,88.6334,60.6268,-0.214594,-0.976703
29.5,88.6089,60.5084,-0.213122,-0.977026
29.6,88.5847,60.3898,-0.211632,-0.977349
29.7,88.5607,60.271,-0.210125,-0.977675
29.8,88.537,60.1521,-0.208719,-0.977976
29.9,88.5135,60.033,-0.207342,-0.978269
30,88.4903,59.9139,-0.20595,-0.978562
30.1,88.4673,59.7947,-0.204524,-0.978861
30.2,88.4446,59.6754,-0.203071,-0.979164
30.3,88.4223,59.5561,-0.201611,-0.979466
30.4,88.4002,59.4367,-0.200177,-0.97976
30.5,88.3783,59.3173,-0.198807,-0.980039
30.6,88.3568,59.198,-0.197553,-0.980292
30.7,88.3354,59.0787,-0.196422,-0.980519
30.8,88.3143,58.9595,-0.195441,-0.980716
30.9,88.2934,58.8404,-0.19464,-0.980875
31,88.2726,58.7214,-0.194051,-0.980991
31.1,88.2519,58.6026,-0.193699,-0.981061
31.2,88.2313,58.4841,-0.193605,-0.98108
31.3,88.2107,58.3658,-0.193779,-0.981045
31.4,88.19,58.2478,-0.194245,-0.980953
31.5,88.1698,58.1306,-0.193103,-0.981178
31.6,88.1499,58.0142,-0.192135,-0.981368
31.7,88.1302,57.8987,-0.191964,-0.981402
31.8,88.1106,57.784,-0.192706,-0.981256
31.9,88.0908,57.6701,-0.194333,-0.980936
32,88.0706,57.5569,-0.196783,-0.980447
32.1,88.05,57.4444,-0.200072,-0.979781
32.2,88.0287,57.3326,-0.204123,-0.978945
32.3,88.0067,57.2214,-0.208858,-0.977946
32.4,87.9837,57.1107,-0.21415,-0.976801
32.5,87.9598,57.0005,-0.219919,-0.975518
32.6,87.9348,56.8906,-0.226033,-0.97412
32.7,87.9085,56.7809,-0.232389,-0.972623
32.8,87.8811,56.6714,-0.238855,-0.971055
32.9,87.8524,56.562,-0.245286,-0.969451
33,87.8231,56.4523,-0.248233,-0.9687
33.1,87.7931,56.3422,-0.251533,-0.967849
33.2,87.7623,56.2317,-0.254922,-0.966962
33.3,87.7306,56.1207,-0.258195,-0.966093
33.4,87.6983,56.009,-0.261198,-0.965285
33.5,87.6651,55.8966,-0.263819,-0.964572
33.6,87.6314,55.7835,-0.265987,-0.963977
33.7,87.597,55.6695,-0.267666,-0.963512
33.8,87.5622,55.5547,-0.268852,-0.963182
33.9,87.527,55.4389,-0.269555,-0.962985
34,87.4914,55.3222,-0.269957,-0.962872
34.1,87.4556,55.2047,-0.269935,-0.962879
34.2,87.4196,55.0862,-0.269535,-0.962991
34.3,87.3835,54.9669,-0.268819,-0.963191
34.4,87.3474,54.8467,-0.267846,-0.963462
34.5,87.3113,54.7257,-0.266665,-0.963789
34.6,87.2753,54.604,-0.265315,-0.964162
34.7,87.2393,54.4815,-0.263829,-0.96457
34.8,87.2036,54.3583,-0.262235,-0.965004
34.9,87.168,54.2345,-0.260561,-0.965457
35,87.1326,54.11,-0.258828,-0.965923
35.1,87.0974,53.985,-0.257057,-0.966396
35.2,87.0625,53.8595,-0.255262,-0.966872
35.3,87.0278,53.7334,-0.253452,-0.967348
35.4,86.9934,53.6069,-0.251643,-0.96782
35.5,86.9593,53.48,-0.249852,-0.968284
35.6,86.9254,53.3526,-0.248092,-0.968736
35.7,86.8918,53.2249,-0.24633,-0.969186
35.8,86.8585,53.0967,-0.244516,-0.969645
35.9,86.8255,52.9682,-0.242696,-0.970102
36,86.7928,52.8393,-0.240925,-0.970544
36.1,86.7603,52.71,-0.23925,-0.970958
36.2,86.7281,52.5804,-0.237712,-0.971336
36.3,86.6961,52.4506,-0.236331,-0.971673
36.4,86.6644,52.3205,-0.235113,-0.971968
36.5,86.6328,52.1901,-0.234057,-0.972223
36.6,86.6014,52.0596,-0.233137,-0.972444
36.7,86.57,51.929,-0.232351,-0.972632
36.8,86.5388,51.7981,-0.231689,-0.97279
36.9,86.5077,51.6672,-0.231138,-0.972921
37,86.4767,51.5361,-0.230683,-0.973029
37.1,86.4457,51.4049,-0.230312,-0.973117
37.2,86.4148,51.2737,-0.230013,-0.973188
37.3,86.3839,51.1425,-0.229777,-0.973243
37.4,86.3531,51.0112,-0.229598,-0.973285
37.5,86.3222,50.8799,-0.229481,-0.973313
37.6,86.2914,50.7486,-0.229415,-0.973329
37.7,86.2606,50.6174,-0.229404,-0.973331
37.8,86.2298,50.4862,-0.229451,-0.97332
37.9,86.199,50.3551,-0.229561,-0.973294
38,86.1682,50.2241,-0.22974,-0.973252
38.1,86.1374,50.0932,-0.229992,-0.973193
38.2,86.1065,49.9625,-0.230321,-0.973115
38.3,86.0755,49.8319,-0.230729,-0.973018
38.4,86.0445,49.7015,-0.231218,-0.972902
38.5,86.0135,49.5712,-0.231784,-0.972767
38.6,85.9823,49.4411,-0.23241,-0.972618
38.7,85.951,49.3111,-0.233103,-0.972452
38.8,85.9196,49.1813,-0.233856,-0.972271
38.9,85.8885,49.0516,-0.2325,-0.972596
39,85.8575,48.9219,-0.231706,-0.972786
39.1,85.8267,48.7923,-0.231336,-0.972874
39.2,85.7959,48.6628,-0.231319,-0.972878
39.3,85.765,48.5332,-0.231546,-0.972824
39.4,85.734,48.4036,-0.231934,-0.972732
39.5,85.703,48.2739,-0.232418,-0.972616
39.6,85.6717,48.1441,-0.232949,-0.972489
39.7,85.6404,48.0143,-0.233374,-0.972387
39.8,85.609,47.8842,-0.233703,-0.972308
39.9,85.5774,47.754,-0.233939,-0.972251
40,85.5458,47.6235,-0.234081,-0.972217
40.1,85.5141,47.4928,-0.234128,-0.972206
40.2,85.4824,47.3619,-0.234078,-0.972218
40.3,85.4506,47.2306,-0.233931,-0.972253
40.4,85.4188,47.0991,-0.233687,-0.972312
40.5,85.387,46.9672,-0.233351,-0.972393
40.6,85.3552,46.8351,-0.232929,-0.972494
40.7,85.3234,46.7026,-0.232429,-0.972613
40.8,85.2917,46.5698,-0.231861,-0.972749
40.9,85.26,46.4367,-0.231235,-0.972898
41,85.2285,46.3032,-0.230565,-0.973057
41.1,85.197,46.1695,-0.22986,-0.973224
41.2,85.1656,46.0355,-0.229109,-0.973401
41.3,85.1343,45.9012,-0.228321,-0.973586
41.4,85.1031,45.7666,-0.22752,-0.973773
41.5,85.0721,45.6318,-0.226724,-0.973959
41.6,85.0411,45.4968,-0.225947,-0.97414
41.7,85.0103,45.3616,-0.225199,-0.974313
41.8,84.9796,45.2262,-0.224488,-0.974477
41.9,84.949,45.0906,-0.223822,-0.97463
42,84.9185,44.9549,-0.223203,-0.974772
42.1,84.8881,44.819,-0.222636,-0.974902
42.2,84.8578,44.683,-0.222121,-0.975019
42.3,84.8276,44.547,-0.221661,-0.975124
42.4,84.7974,44.4108,-0.221249,-0.975217
42.5,84.7673,44.2746,-0.220887,-0.975299
42.6,84.7373,44.1383,-0.220572,-0.975371
42.7,84.7073,44.0019,-0.220302,-0.975432
42.8,84.6774,43.8656,-0.220075,-0.975483
42.9,84.6475,43.7291,-0.219884,-0.975526
43,84.6176,43.5927,-0.219727,-0.975561
43.1,84.5877,43.4562,-0.219599,-0.97559
43.2,84.5579,43.3197,-0.219494,-0.975614
43.3,84.5281,43.1832,-0.219405,-0.975634
43.4,84.4983,43.0467,-0.219327,-0.975652
43.5,84.4685,42.9101,-0.219252,-0.975668
43.6,84.4387,42.7736,-0.219175,-0.975686
43.7,84.4089,42.637,-0.219089,-0.975705
43.8,84.3792,42.5004,-0.218987,-0.975728
43.9,84.3495,42.3638,-0.218863,-0.975756
44,84.3198,42.2272,-0.21871,-0.97579
44.1,84.2901,42.0905,-0.218523,-0.975832
44.2,84.2605,41.9539,-0.218295,-0.975883
44.3,84.231,41.8172,-0.218026,-0.975943
44.4,84.2015,41.6804,-0.217717,-0.976012
44.5,84.1721,41.5436,-0.217371,-0.976089
44.6,84.1428,41.4068,-0.216991,-0.976174
44.7,84.1135,41.27,-0.216581,-0.976265
44.8,84.0843,41.1331,-0.216149,-0.97636
44.9,84.0553,40.9961,-0.215717,-0.976456
45,84.0263,40.8591,-0.215276,-0.976553
45.1,83.9974,40.7221,-0.214833,-0.976651
45.2,83.9685,40.585,-0.214397,-0.976747
45.3,83.9398,40.4478,-0.213971,-0.97684
45.4,83.9112,40.3107,-0.213559,-0.97693
45.5,83.8826,40.1735,-0.213163,-0.977017
45.6,83.8541,40.0362,-0.212785,-0.977099
45.7,83.8257,39.899,-0.212425,-0.977177
45.8,83.7974,39.7618,-0.212083,-0.977252
45.9,83.7691,39.6246,-0.211759,-0.977322
46,83.741,39.4875,-0.211451,-0.977389
46.1,83.7129,39.3504,-0.211159,-0.977452
46.2,83.6849,39.2134,-0.210882,-0.977511
46.3,83.657,39.0766,-0.210619,-0.977568
46.4,83.6291,38.9398,-0.210369,-0.977622
46.5,83.6014,38.8033,-0.210137,-0.977672
46.6,83.5737,38.6669,-0.209934,-0.977716
46.7,83.5462,38.5307,-0.209766,-0.977751
46.8,83.5187,38.3948,-0.209648,-0.977777
46.9,83.4912,38.2591,-0.209599,-0.977787
47,83.4639,38.1236,-0.209623,-0.977782
47.1,83.4365,37.9885,-0.209737,-0.977758
47.2,83.4092,37.8536,-0.209945,-0.977713
47.3,83.3819,37.719,-0.210338,-0.977629
47.4,83.3545,37.5848,-0.210863,-0.977516
47.5,83.3271,37.4509,-0.211489,-0.97738
47.6,83.2995,37.3173,-0.212183,-0.97723
47.7,83.2719,37.184,-0.212922,-0.977069
47.8,83.2442,37.051,-0.213677,-0.976904
47.9,83.2164,36.9182,-0.214421,-0.976741
48,83.1885,36.7856,-0.215125,-0.976587
48.1,83.1605,36.6533,-0.215755,-0.976447
48.2,83.1324,36.521,-0.216291,-0.976329
48.3,83.1042,36.3889,-0.216714,-0.976235
48.4,83.076,36.2568,-0.217015,-0.976168
48.5,83.0478,36.1249,-0.217189,-0.97613
48.6,83.0196,35.993,-0.217245,-0.976117
48.7,82.9914,35.8611,-0.217197,-0.976128
48.8,82.9632,35.7293,-0.217068,-0.976156
48.9,82.9351,35.5975,-0.216889,-0.976196
49,82.9071,35.4659,-0.216693,-0.97624
49.1,82.8784,35.3344,-0.219914,-0.975519
49.2,82.8499,35.203,-0.218866,-0.975755
49.3,82.821,35.0719,-0.22151,-0.975158
49.4,82.7917,34.941,-0.223479,-0.974709
49.5,82.7621,34.8103,-0.225015,-0.974355
49.6,82.7323,34.68,-0.226415,-0.974031
49.7,82.7022,34.5499,-0.227708,-0.973729
49.8,82.672,34.4201,-0.228909,-0.973448
49.9,82.6416,34.2905,-0.23002,-0.973186
50,82.611,34.1611,-0.231032,-0.972946
50.1,82.5803,34.0319,-0.231928,-0.972733
50.2,82.5494,33.9028,-0.232688,-0.972551
50.3,82.5184,33.7738,-0.233295,-0.972406
50.4,82.4873,33.6447,-0.233736,-0.9723
50.5,82.4562,33.5157,-0.234007,-0.972235
50.6,82.425,33.3866,-0.234114,-0.972209
50.7,82.3938,33.2575,-0.234076,-0.972218
50.8,82.3627,33.1284,-0.233924,-0.972255
50.9,82.3316,32.9992,-0.233696,-0.97231
51,82.3005,32.8701,-0.23344,-0.972371
51.1,82.2696,32.7409,-0.233205,-0.972428
51.2,82.2386,32.6119,-0.233039,-0.972467
51.3,82.2077,32.483,-0.232979,-0.972482
51.4,82.1769,32.3542,-0.233048,-0.972465
51.5,82.146,32.2256,-0.23327,-0.972412
51.6,82.1151,32.0972,-0.233641,-0.972323
51.7,82.0841,31.9689,-0.234118,-0.972208
51.8,82.0531,31.8408,-0.234673,-0.972074
51.9,82.0219,31.7129,-0.235266,-0.971931
52,81.9907,31.585,-0.235853,-0.971789
52.1,81.9593,31.4572,-0.236387,-0.971659
52.2,81.9279,31.3295,-0.236831,-0.971551
52.3,81.8964,31.2017,-0.237153,-0.971472
52.4,81.8648,31.0739,-0.237335,-0.971428
52.5,81.8333,30.9461,-0.237376,-0.971418
52.6,81.8017,30.8183,-0.237288,-0.971439
52.7,81.7702,30.6904,-0.2371,-0.971485
52.8,81.7387,30.5626,-0.236848,-0.971547
52.9,81.7073,30.4348,-0.236575,-0.971613
53,81.676,30.307,-0.236323,-0.971675
53.1,81.6447,30.1793,-0.236127,-0.971722
53.2,81.6135,30.0517,-0.236006,-0.971752
53.3,81.5823,29.9242,-0.235966,-0.971761
53.4,81.5511,29.7969,-0.235995,-0.971754
53.5,81.52,29.6696,-0.236089,-0.971731
53.6,81.4888,29.5424,-0.236205,-0.971703
53.7,81.4576,29.4153,-0.236293,-0.971682
53.8,81.4265,29.2882,-0.236305,-0.971679
53.9,81.3953,29.1612,-0.236198,-0.971705
54,81.3643,29.0341,-0.23594,-0.971768
54.1,81.3333,28.907,-0.235506,-0.971873
54.2,81.3024,28.7799,-0.23489,-0.972022
54.3,81.2717,28.6528,-0.234097,-0.972213
54.4,81.2412,28.5257,-0.233146,-0.972442
54.5,81.2108,28.3985,-0.232344,-0.972634
54.6,81.1806,28.2713,-0.231576,-0.972817
54.7,81.1506,28.1442,-0.230808,-0.972999
54.8,81.1208,28.017,-0.230035,-0.973182
54.9,81.0911,27.8899,-0.229261,-0.973365
55,81.0616,27.7628,-0.228491,-0.973546
55.1,81.0322,27.6356,-0.227723,-0.973726
55.2,81.0031,27.5085,-0.226819,-0.973937
55.3,80.9741,27.3814,-0.225716,-0.974193
55.4,80.9454,27.2543,-0.224587,-0.974454
55.5,80.917,27.1271,-0.223297,-0.97475
55.6,80.8889,26.9999,-0.221814,-0.975089
55.7,80.8611,26.8727,-0.220088,-0.97548
55.8,80.8338,26.7455,-0.218124,-0.975921
55.9,80.8069,26.6184,-0.215893,-0.976417
56,80.7806,26.4914,-0.213515,-0.97694
56.1,80.7548,26.3646,-0.211108,-0.977463
56.2,80.7296,26.2381,-0.208781,-0.977962
56.3,80.7049,26.112,-0.206627,-0.97842
56.4,80.6807,25.9862,-0.204719,-0.978821
56.5,80.6569,25.8608,-0.20311,-0.979156
56.6,80.6334,25.7359,-0.201831,-0.97942
56.7,80.6103,25.6115,-0.20089,-0.979614
56.8,80.5874,25.4877,-0.200271,-0.979741
56.9,80.5648,25.3647,-0.199517,-0.979894
57,80.5425,25.2427,-0.199054,-0.979989
57.1,80.5205,25.1216,-0.198811,-0.980038
57.2,80.4987,25.0014,-0.198713,-0.980058
57.3,80.4772,24.8821,-0.197871,-0.980228
57.4,80.4561,24.7635,-0.196639,-0.980476
57.5,80.4355,24.6457,-0.195154,-0.980773
57.6,80.4153,24.5286,-0.193442,-0.981112
57.7,80.3957,24.4122,-0.191563,-0.98148
57.8,80.376,24.2968,-0.192819,-0.981234
57.9,80.3565,24.1824,-0.192714,-0.981255
58,80.3373,24.0688,-0.192144,-0.981367
58.1,80.3184,23.956,-0.191505,-0.981492
58.2,80.2998,23.8439,-0.190986,-0.981593
58.3,80.2813,23.7325,-0.190725,-0.981643
58.4,80.2629,23.6218,-0.190807,-0.981628
58.5,80.2446,23.5116,-0.191265,-0.981539
58.6,80.2262,23.402,-0.192175,-0.981361
58.7,80.2077,23.2929,-0.193456,-0.981109
58.8,80.1889,23.1843,-0.195177,-0.980768
58.9,80.1699,23.0762,-0.197326,-0.980338
59,80.1507,22.9683,-0.197992,-0.980204
59.1,80.1314,22.8608,-0.199806,-0.979836
59.2,80.1115,22.7535,-0.20236,-0.979311
59.3,80.0912,22.6472,-0.206198,-0.97851
59.4,80.0703,22.5418,-0.210623,-0.977567
59.5,80.0486,22.437,-0.215227,-0.976564
59.6,80.0262,22.3325,-0.219717,-0.975564
59.7,80.003,22.2283,-0.224028,-0.974583
59.8,79.9791,22.1239,-0.228139,-0.973628
59.9,79.9543,22.0194,-0.232114,-0.972689
60,79.9288,21.9145,-0.235873,-0.971784
60.1,79.9025,21.8092,-0.239335,-0.970937
60.2,79.8754,21.7032,-0.242411,-0.970174
60.3,79.8477,21.5965,-0.24502,-0.969518
60.4,79.8194,21.4891,-0.247092,-0.968992
60.5,79.7906,21.3807,-0.248605,-0.968605
60.6,79.7614,21.2718,-0.249713,-0.96832
60.7,79.7319,21.1625,-0.250446,-0.968131
60.8,79.7022,21.0525,-0.250833,-0.96803
60.9,79.6723,20.942,-0.250946,-0.968001
61,79.6422,20.8309,-0.251363,-0.967893
61.1,79.6119,20.7191,-0.251494,-0.967859
61.2,79.5814,20.6065,-0.251437,-0.967874
61.3,79.5507,20.4931,-0.251243,-0.967924
61.4,79.5198,20.3787,-0.251059,-0.967972
61.5,79.4887,20.2632,-0.250631,-0.968083
61.6,79.4575,20.1466,-0.249981,-0.968251
61.7,79.4261,20.0287,-0.248987,-0.968507
61.8,79.3946,19.9095,-0.247684,-0.968841
61.9,79.3629,19.7889,-0.247376,-0.968919
62,79.3309,19.6671,-0.246742,-0.969081
62.1,79.2989,19.5439,-0.245465,-0.969405
62.2,79.2669,19.4194,-0.243522,-0.969895
62.3,79.2352,19.2936,-0.241024,-0.970519
62.4,79.2038,19.1667,-0.238134,-0.971232
62.5,79.1728,19.0387,-0.234998,-0.971996
62.6,79.1422,18.91,-0.232402,-0.97262
62.7,79.112,18.7806,-0.229749,-0.97325
62.8,79.0823,18.6508,-0.227141,-0.973862
62.9,79.053,18.5206,-0.224676,-0.974433
63,79.0241,18.3902,-0.222426,-0.97495
63.1,78.9956,18.2597,-0.220434,-0.975402
63.2,78.9675,18.1292,-0.218726,-0.975786
63.3,78.9396,17.9988,-0.218052,-0.975937
63.4,78.9118,17.8686,-0.217798,-0.975994
63.5,78.8846,17.7389,-0.21516,-0.976579
63.6,78.8579,17.6095,-0.213529,-0.976937
63.7,78.8314,17.4804,-0.212515,-0.977158
63.8,78.8052,17.3516,-0.211917,-0.977288
63.9,78.779,17.2231,-0.211583,-0.97736
64,78.753,17.0948,-0.211392,-0.977401
64.1,78.727,16.9667,-0.211246,-0.977433
64.2,78.7011,16.8388,-0.211086,-0.977468
64.3,78.6753,16.711,-0.210824,-0.977524
64.4,78.6496,16.5834,-0.210606,-0.977571
64.5,78.624,16.4558,-0.210067,-0.977687
64.6,78.5986,16.3285,-0.209531,-0.977802
64.7,78.5733,16.2013,-0.208946,-0.977927
64.8,78.5482,16.0745,-0.208856,-0.977946
64.9,78.5231,15.948,-0.208797,-0.977959
65,78.4981,15.8219,-0.208724,-0.977975
65.1,78.4733,15.6963,-0.208605,-0.978
65.2,78.4485,15.571,-0.208428,-0.978038
65.3,78.4239,15.4461,-0.208191,-0.978088
65.4,78.3995,15.3216,-0.20789,-0.978152
65.5,78.3752,15.1975,-0.207537,-0.978227
65.6,78.351,15.0737,-0.207308,-0.978276
65.7,78.3269,14.9503,-0.207185,-0.978302
65.8,78.3029,14.8273,-0.207192,-0.9783
65.9,78.279,14.7047,-0.207367,-0.978263
66,78.2551,14.5824,-0.207744,-0.978183
66.1,78.2311,14.4604,-0.208426,-0.978038
66.2,78.207,14.339,-0.209213,-0.97787
66.3,78.1829,14.2182,-0.210083,-0.977684
66.4,78.1588,14.0978,-0.211084,-0.977468
66.5,78.1345,13.9779,-0.211891,-0.977293
66.6,78.1102,13.8584,-0.212482,-0.977165
66.7,78.086,13.7393,-0.212799,-0.977096
66.8,78.0618,13.6204,-0.212764,-0.977104
66.9,78.0377,13.5019,-0.212634,-0.977132
67,78.0138,13.3838,-0.212226,-0.977221
67.1,77.9892,13.2661,-0.216089,-0.976374
67.2,77.9643,13.149,-0.218301,-0.975881
67.3,77.9392,13.0323,-0.219842,-0.975536
67.4,77.914,12.916,-0.221067,-0.975259
67.5,77.8886,12.8001,-0.222137,-0.975016
67.6,77.863,12.6845,-0.223314,-0.974747
67.7,77.8373,12.5691,-0.224642,-0.974441
67.8,77.8112,12.4538,-0.226376,-0.97404
67.9,77.7848,12.3387,-0.228256,-0.973601
68,77.758,12.2236,-0.230137,-0.973158
68.1,77.7309,12.1083,-0.231924,-0.972734
68.2,77.7034,11.9934,-0.234001,-0.972236
68.3,77.6755,11.8789,-0.23611,-0.971726
68.4,77.6474,11.7646,-0.238045,-0.971254
68.5,77.6189,11.6502,-0.239703,-0.970846
68.6,77.5901,11.5356,-0.240984,-0.970529
68.7,77.5609,11.4208,-0.242488,-0.970154
68.8,77.5313,11.3055,-0.243825,-0.969819
68.9,77.5014,11.1897,-0.244899,-0.969549
69,77.4712,11.0731,-0.245534,-0.969388
69.1,77.4407,10.9557,-0.245678,-0.969351
69.2,77.4101,10.8374,-0.245264,-0.969456
69.3,77.3794,10.7181,-0.244275,-0.969706
69.4,77.3488,10.5977,-0.242729,-0.970094
69.5,77.3184,10.4765,-0.240688,-0.970603
69.6,77.2883,10.3544,-0.238271,-0.971199
69.7,77.2585,10.2315,-0.235834,-0.971793
69.8,77.2291,10.1081,-0.233319,-0.9724
69.9,77.2007,9.98421,-0.227827,-0.973702
70,77.1725,9.86026,-0.226962,-0.973904
70.1,77.1452,9.73643,-0.222418,-0.974951
70.2,77.1188,9.61281,-0.218884,-0.975751
70.3,77.0929,9.48942,-0.216136,-0.976363
70.4,77.0676,9.36632,-0.214018,-0.97683
70.5,77.0426,9.24352,-0.212439,-0.977174
70.6,77.018,9.12102,-0.211327,-0.977415
70.7,76.9935,8.99883,-0.210625,-0.977567
70.8,76.9692,8.87694,-0.210255,-0.977646
70.9,76.945,8.75532,-0.210172,-0.977664
71,76.9208,8.63397,-0.21052,-0.977589
71.1,76.8965,8.51286,-0.211128,-0.977458
71.2,76.8721,8.39193,-0.21187,-0.977298
71.3,76.8476,8.27114,-0.212469,-0.977168
71.4,76.8231,8.15068,-0.21286,-0.977083
71.5,76.7985,8.03061,-0.213385,-0.976968
71.6,76.774,7.9109,-0.213863,-0.976864
71.7,76.7485,7.79154,-0.219033,-0.975717
71.8,76.7234,7.67243,-0.217549,-0.976049
71.9,76.6976,7.55357,-0.22117,-0.975235
72,76.6714,7.43494,-0.223342,-0.97474
72.1,76.645,7.31648,-0.224693,-0.97443
72.2,76.6184,7.19816,-0.225571,-0.974227
72.3,76.5917,7.07989,-0.226171,-0.974088
72.4,76.5649,6.96169,-0.22692,-0.973913
72.5,76.5379,6.84349,-0.227695,-0.973732
72.6,76.5108,6.72524,-0.228435,-0.973559
72.7,76.4835,6.60685,-0.22912,-0.973398
72.8,76.4561,6.48866,-0.230263,-0.973128
72.9,76.4284,6.37068,-0.23148,-0.97284
73,76.4005,6.25279,-0.232537,-0.972588
73.1,76.3725,6.13487,-0.233289,-0.972408
73.2,76.3444,6.01684,-0.233786,-0.972288
73.3,76.3161,5.89864,-0.233962,-0.972246
73.4,76.2879,5.78022,-0.233817,-0.972281
73.5,76.2598,5.66169,-0.232875,-0.972507
73.6,76.232,5.54307,-0.231553,-0.972822
73.7,76.2044,5.42437,-0.23014,-0.973158
73.8,76.1769,5.30558,-0.229645,-0.973275
73.9,76.1497,5.18671,-0.228442,-0.973557
74,76.1224,5.06771,-0.228088,-0.97364
74.1,76.0952,4.94859,-0.22811,-0.973635
74.2,76.0678,4.82943,-0.228627,-0.973514
74.3,76.0403,4.71024,-0.22923,-0.973372
74.4,76.0127,4.59104,-0.229727,-0.973255
74.5,75.9851,4.47185,-0.229978,-0.973196
74.6,75.9575,4.3527,-0.229966,-0.973199
74.7,75.9299,4.23403,-0.230388,-0.973099
74.8,75.9023,4.1159,-0.230784,-0.973005
74.9,75.8749,3.99824,-0.230969,-0.972961
75,75.8486,3.88113,-0.225731,-0.97419
75.1,75.8222,3.76453,-0.226643,-0.973978
75.2,75.7959,3.64845,-0.227199,-0.973848
75.3,75.7695,3.53281,-0.227831,-0.973701
75.4,75.7431,3.41751,-0.228592,-0.973522
75.5,75.7165,3.30244,-0.229378,-0.973337
75.6,75.6899,3.18753,-0.230017,-0.973187
75.7,75.6632,3.07274,-0.230385,-0.9731
75.8,75.6366,2.95807,-0.230433,-0.973088
75.9,75.61,2.84358,-0.230409,-0.973094
76,75.5837,2.72944,-0.229394,-0.973334
76.1,75.5577,2.61573,-0.228033,-0.973653
76.2,75.5321,2.50284,-0.227471,-0.973785
76.3,75.5066,2.39073,-0.227778,-0.973713
76.4,75.4811,2.27926,-0.2285,-0.973544
76.5,75.4555,2.16828,-0.229521,-0.973304
76.6,75.4297,2.05766,-0.230716,-0.973021
76.7,75.4038,1.94727,-0.231942,-0.97273
76.8,75.3777,1.83701,-0.232993,-0.972478
76.9,75.3515,1.72683,-0.233765,-0.972293
77,75.3252,1.61667,-0.234167,-0.972196
77.1,75.2989,1.50652,-0.234173,-0.972195
77.2,75.2729,1.39655,-0.233012,-0.972474
77.3,75.2472,1.28717,-0.232109,-0.97269
77.4,75.2216,1.17842,-0.232333,-0.972636
77.5,75.196,1.07016,-0.232715,-0.972545
77.6,75.1705,0.962232,-0.233213,-0.972426
77.7,75.1449,0.854527,-0.233785,-0.972288
77.8,75.1192,0.746955,-0.234338,-0.972155
77.9,75.0934,0.639446,-0.23471,-0.972065
78,75.0676,0.531934,-0.234727,-0.972061
78.1,75.0418,0.424349,-0.234908,-0.972018
78.2,75.0161,0.316718,-0.234389,-0.972143
78.3,74.9907,0.209198,-0.232811,-0.972522
78.4,74.9656,0.101894,-0.231507,-0.972833
78.5,74.9408,-0.00497168,-0.230668,-0.973032
78.6,74.916,-0.111445,-0.230948,-0.972966
78.7,74.8912,-0.217682,-0.231649,-0.9728
78.8,74.8662,-0.323806,-0.23245,-0.972608
78.9,74.8411,-0.429903,-0.23314,-0.972443
79,74.8159,-0.536035,-0.233534,-0.972349
79.1,74.7907,-0.642233,-0.233492,-0.972359
79.2,74.7656,-0.748488,-0.23287,-0.972508
79.3,74.7407,-0.854742,-0.231884,-0.972744
79.4,74.716,-0.960955,-0.230713,-0.973022
79.5,74.6915,-1.06677,-0.23019,-0.973146
79.6,74.6676,-1.17173,-0.228114,-0.973634
79.7,74.6441,-1.27597,-0.226983,-0.973899
79.8,74.6208,-1.37966,-0.226914,-0.973915
79.9,74.5973,-1.48292,-0.227703,-0.973731
80,74.5738,-1.58585,-0.22907,-0.97341
80.1,74.5499,-1.68852,-0.230724,-0.973019
80.2,74.5258,-1.791,-0.232373,-0.972627
80.3,74.5015,-1.89333,-0.233839,-0.972275
80.4,74.477,-1.99558,-0.235057,-0.971982
80.5,74.4525,-2.09763,-0.235376,-0.971904
80.6,74.428,-2.19945,-0.235483,-0.971879
80.7,74.4035,-2.30109,-0.235749,-0.971814
80.8,74.3788,-2.40258,-0.236521,-0.971626
80.9,74.354,-2.50362,-0.238585,-0.971122
81,74.3287,-2.60444,-0.240932,-0.970542
81.1,74.303,-2.70527,-0.243226,-0.96997
81.2,74.2769,-2.80628,-0.245249,-0.96946
81.3,74.2504,-2.90761,-0.24677,-0.969074
81.4,74.2237,-3.00936,-0.247702,-0.968836
81.5,74.1969,-3.1114,-0.247296,-0.96894
81.6,74.1703,-3.21366,-0.246302,-0.969193
81.7,74.1438,-3.3161,-0.245232,-0.969464
81.8,74.1174,-3.41845,-0.244964,-0.969532
81.9,74.091,-3.52076,-0.24518,-0.969478
82,74.0644,-3.62311,-0.245673,-0.969353
82.1,74.0377,-3.72559,-0.246459,-0.969153
82.2,74.0108,-3.82826,-0.247266,-0.968948
82.3,73.9837,-3.93118,-0.248001,-0.96876
82.4,73.9565,-4.03426,-0.248081,-0.968739
82.5,73.9293,-4.13747,-0.247819,-0.968806
82.6,73.9022,-4.24079,-0.247492,-0.96889
82.7,73.875,-4.34421,-0.24736,-0.968924
82.8,73.8478,-4.4474,-0.248184,-0.968713
82.9,73.8204,-4.55053,-0.248792,-0.968557
83,73.7929,-4.65372,-0.24975,-0.96831
83.1,73.7651,-4.75713,-0.250734,-0.968056
83.2,73.7371,-4.86086,-0.251628,-0.967824
83.3,73.7088,-4.96498,-0.252323,-0.967643
83.4,73.6804,-5.06956,-0.25275,-0.967532
83.5,73.6519,-5.17444,-0.252441,-0.967612
83.6,73.6234,-5.27953,-0.251882,-0.967758
83.7,73.595,-5.38455,-0.251958,-0.967738
83.8,73.5665,-5.4895,-0.252287,-0.967653
83.9,73.5379,-5.59452,-0.252749,-0.967532
84,73.5092,-5.69967,-0.25339,-0.967364
84.1,73.4802,-5.80505,-0.254052,-0.967191
84.2,73.4511,-5.91071,-0.254664,-0.96703
84.3,73.4218,-6.01664,-0.255246,-0.966876
84.4,73.3924,-6.12271,-0.255236,-0.966879
84.5,73.3631,-6.22886,-0.255089,-0.966918
84.6,73.3337,-6.33504,-0.255074,-0.966922
84.7,73.3042,-6.44104,-0.255902,-0.966703
84.8,73.2746,-6.54696,-0.257051,-0.966398
84.9,73.2446,-6.65301,-0.25834,-0.966054
85,73.2143,-6.7594,-0.259569,-0.965724
85.1,73.1836,-6.86629,-0.26066,-0.965431
85.2,73.1527,-6.97383,-0.261526,-0.965196
85.3,73.1213,-7.08214,-0.262074,-0.965048
85.4,73.0898,-7.1913,-0.262225,-0.965007
85.5,73.058,-7.30136,-0.262002,-0.965067
85.6,73.026,-7.41205,-0.262194,-0.965015
85.7,72.9939,-7.52336,-0.262057,-0.965052
85.8,72.9617,-7.63526,-0.261513,-0.9652
85.9,72.9304,-7.74778,-0.256042,-0.966666
86,72.8998,-7.86097,-0.251845,-0.967768
86.1,72.8697,-7.97483,-0.248415,-0.968654
86.2,72.84,-8.08938,-0.245419,-0.969417
86.3,72.8107,-8.20458,-0.24266,-0.970111
86.4,72.7818,-8.32035,-0.240066,-0.970757
86.5,72.7533,-8.43657,-0.237687,-0.971342
86.6,72.7251,-8.55312,-0.235639,-0.971841
86.7,72.6971,-8.66984,-0.23426,-0.972174
86.8,72.6693,-8.7863,-0.233792,-0.972287
86.9,72.6415,-8.90246,-0.234014,-0.972233
87,72.6136,-9.01843,-0.234579,-0.972097
87.1,72.5856,-9.13432,-0.235394,-0.9719
87.2,72.5574,-9.2503,-0.236367,-0.971664
87.3,72.5289,-9.36652,-0.237358,-0.971422
87.4,72.5002,-9.4831,-0.238082,-0.971245
87.5,72.4713,-9.60013,-0.23852,-0.971138
87.6,72.4422,-9.7177,-0.238643,-0.971107
87.7,72.413,-9.83569,-0.238919,-0.97104
87.8,72.3836,-9.9541,-0.239096,-0.970996
87.9,72.3542,-10.073,-0.23893,-0.971037
88,72.3248,-10.1923,-0.238334,-0.971183
88.1,72.2954,-10.3122,-0.23737,-0.971419
88.2,72.2661,-10.4326,-0.236131,-0.971721
88.3,72.2371,-10.5535,-0.234711,-0.972065
88.4,72.2082,-10.6749,-0.233166,-0.972437
88.5,72.1795,-10.7967,-0.231551,-0.972823
88.6,72.1511,-10.9189,-0.230087,-0.97317
88.7,72.1229,-11.0415,-0.228712,-0.973494
88.8,72.0949,-11.1642,-0.227477,-0.973783
88.9,72.067,-11.2872,-0.22639,-0.974037
89,72.0393,-11.4101,-0.225728,-0.97419
89.1,72.0117,-11.5328,-0.225394,-0.974268
89.2,71.9842,-11.6554,-0.225305,-0.974288
89.3,71.9567,-11.7778,-0.225383,-0.97427
89.4,71.9292,-11.9,-0.225535,-0.974235
89.5,71.9017,-12.0222,-0.225668,-0.974204
89.6,71.8742,-12.1443,-0.225699,-0.974197
89.7,71.8468,-12.2665,-0.225563,-0.974228
89.8,71.8193,-12.3887,-0.225204,-0.974312
89.9,71.792,-12.511,-0.224752,-0.974416
90,71.7648,-12.6333,-0.224194,-0.974544
90.1,71.7377,-12.7556,-0.223378,-0.974732
90.2,71.7109,-12.8779,-0.222295,-0.97498
90.3,71.6843,-13.0002,-0.22101,-0.975272
90.4,71.6581,-13.1225,-0.219612,-0.975587
90.5,71.6321,-13.2447,-0.218224,-0.975899
90.6,71.6064,-13.3668,-0.216945,-0.976184
90.7,71.5811,-13.4887,-0.215845,-0.976428
90.8,71.5559,-13.6101,-0.215056,-0.976602
90.9,71.531,-13.7312,-0.214474,-0.97673
91,71.5062,-13.852,-0.213968,-0.976841
91.1,71.4817,-13.9722,-0.213236,-0.977001
91.2,71.4575,-14.092,-0.212375,-0.977188
91.3,71.4336,-14.211,-0.211618,-0.977353
91.4,71.4099,-14.3294,-0.211191,-0.977445
91.5,71.3864,-14.4469,-0.211363,-0.977408
91.6,71.3629,-14.5635,-0.212384,-0.977186
91.7,71.3393,-14.6792,-0.213909,-0.976853
91.8,71.3155,-14.7941,-0.215711,-0.976457
91.9,71.2915,-14.9081,-0.217904,-0.97597
92,71.2673,-15.0212,-0.219992,-0.975502
92.1,71.2429,-15.1338,-0.221591,-0.97514
92.2,71.2184,-15.2458,-0.222733,-0.97488
92.3,71.1938,-15.3574,-0.223586,-0.974684
92.4,71.1692,-15.4687,-0.224361,-0.974506
92.5,71.1444,-15.5796,-0.225273,-0.974296
92.6,71.1196,-15.6901,-0.226259,-0.974067
92.7,71.0946,-15.8004,-0.227192,-0.97385
92.8,71.0695,-15.9104,-0.228493,-0.973546
92.9,71.0443,-16.0198,-0.229819,-0.973233
93,71.0189,-16.1289,-0.230786,-0.973004
93.1,70.9935,-16.2378,-0.231305,-0.972881
93.2,70.9681,-16.3466,-0.231361,-0.972868
93.3,70.9427,-16.4555,-0.23099,-0.972956
93.4,70.9176,-16.5643,-0.230261,-0.973129
93.5,70.8926,-16.6729,-0.229045,-0.973416
93.6,70.868,-16.7813,-0.227895,-0.973686
93.7,70.8436,-16.889,-0.22738,-0.973806
93.8,70.8194,-16.9962,-0.227097,-0.973872
93.9,70.7954,-17.1029,-0.226969,-0.973902
94,70.7714,-17.2092,-0.226878,-0.973923
94.1,70.7476,-17.3151,-0.226776,-0.973947
94.2,70.724,-17.4204,-0.226255,-0.974068
94.3,70.7006,-17.5249,-0.225935,-0.974142
94.4,70.6775,-17.6285,-0.226023,-0.974122
94.5,70.6544,-17.7314,-0.22639,-0.974037
94.6,70.6314,-17.8337,-0.226987,-0.973898
94.7,70.6084,-17.9355,-0.227786,-0.973711
94.8,70.5853,-18.0368,-0.228743,-0.973487
94.9,70.5621,-18.1376,-0.229759,-0.973247
95,70.5389,-18.2378,-0.230356,-0.973107
95.1,70.5158,-18.3372,-0.23132,-0.972878
95.2,70.4926,-18.436,-0.232782,-0.972529
95.3,70.4692,-18.5342,-0.234026,-0.97223
95.4,70.4457,-18.6321,-0.235176,-0.971953
95.5,70.4222,-18.7298,-0.236159,-0.971715
95.6,70.3985,-18.8273,-0.236854,-0.971545
95.7,70.3748,-18.9247,-0.236916,-0.97153
95.8,70.3513,-19.0215,-0.237029,-0.971502
95.9,70.3278,-19.1178,-0.237565,-0.971372
96,70.3043,-19.2139,-0.237893,-0.971291
96.1,70.2808,-19.3099,-0.238031,-0.971258
96.2,70.2573,-19.4058,-0.238021,-0.97126
96.3,70.2338,-19.5019,-0.237708,-0.971337
96.4,70.2104,-19.598,-0.236987,-0.971513
96.5,70.1874,-19.694,-0.235659,-0.971836
96.6,70.1646,-19.7896,-0.234717,-0.972064
96.7,70.1419,-19.8847,-0.234562,-0.972101
96.8,70.1193,-19.9795,-0.234496,-0.972117
96.9,70.0967,-20.0743,-0.234378,-0.972146
97,70.0742,-20.169,-0.234132,-0.972205
97.1,70.0518,-20.2637,-0.233517,-0.972353
97.2,70.0297,-20.3581,-0.232185,-0.972672
97.3,70.0079,-20.4519,-0.231369,-0.972866
97.4,69.9863,-20.5452,-0.231383,-0.972863
97.5,69.9646,-20.6381,-0.231624,-0.972805
97.6,69.943,-20.7307,-0.231998,-0.972716
97.7,69.9213,-20.8233,-0.232398,-0.972621
97.8,69.8997,-20.9157,-0.232591,-0.972575
97.9,69.8781,-21.0079,-0.232029,-0.972709
98,69.8567,-21.0999,-0.231513,-0.972832
98.1,69.8354,-21.1912,-0.232018,-0.972712
98.2,69.814,-21.282,-0.233185,-0.972432
98.3,69.7925,-21.3726,-0.234206,-0.972187
98.4,69.7709,-21.4631,-0.235061,-0.971981
98.5,69.7492,-21.5536,-0.235639,-0.971841
98.6,69.7275,-21.6439,-0.235565,-0.971859
98.7,69.7058,-21.7341,-0.235456,-0.971885
98.8,69.6842,-21.8238,-0.2361,-0.971729
98.9,69.6625,-21.9132,-0.237284,-0.97144
99,69.6406,-22.0026,-0.237906,-0.971288
99.1,69.6187,-22.0921,-0.23788,-0.971295
99.2,69.5969,-22.1818,-0.237349,-0.971425
99.3,69.5752,-22.2716,-0.236451,-0.971643
99.4,69.5536,-22.3612,-0.235979,-0.971758
99.5,69.5322,-22.4506,-0.235259,-0.971933
99.6,69.5109,-22.5398,-0.235143,-0.971961
99.7,69.4898,-22.6288,-0.233782,-0.972289
99.8,69.4691,-22.7177,-0.231927,-0.972733
99.9,69.4487,-22.8064,-0.23045,-0.973084
100,69.4285,-22.8947,-0.229787,-0.973241
100.1,69.4084,-22.9829,-0.229444,-0.973322
100.2,69.3883,-23.0709,-0.22921,-0.973377
100.3,69.3683,-23.1588,-0.229451,-0.97332
100.4,69.3483,-23.2466,-0.22937,-0.973339
100.5,69.3284,-23.3342,-0.229063,-0.973412
100.6,69.3089,-23.4205,-0.228532,-0.973536
100.7,69.2895,-23.5064,-0.228494,-0.973545
100.8,69.27,-23.5916,-0.229574,-0.973291
100.9,69.2504,-23.6765,-0.231013,-0.972951
101,69.2306,-23.7611,-0.232928,-0.972494
101.1,69.2105,-23.8456,-0.234819,-0.972039
101.2,69.1901,-23.93,-0.236713,-0.97158
101.3,69.1696,-24.014,-0.237508,-0.971386
101.4,69.1489,-24.097,-0.240509,-0.970647
101.5,69.1279,-24.1798,-0.24238,-0.970181
101.6,69.1066,-24.2625,-0.244638,-0.969614
101.7,69.085,-24.3453,-0.246673,-0.969099
101.8,69.063,-24.4281,-0.248574,-0.968613
101.9,69.0407,-24.511,-0.250291,-0.968171
102,69.0181,-24.5939,-0.252124,-0.967695
102.1,68.995,-24.6764,-0.255286,-0.966865
102.2,68.9716,-24.7583,-0.258858,-0.965915
102.3,68.9477,-24.8403,-0.26106,-0.965323
102.4,68.9234,-24.9225,-0.263424,-0.96468
102.5,68.8987,-25.0052,-0.265215,-0.964189
102.6,68.8735,-25.0884,-0.266474,-0.963842
102.7,68.8481,-25.1723,-0.267242,-0.96363
102.8,68.8224,-25.2568,-0.267791,-0.963477
102.9,68.7964,-25.3412,-0.269555,-0.962985
103,68.7701,-25.4258,-0.271187,-0.962527
103.1,68.7435,-25.5109,-0.271807,-0.962352
103.2,68.7167,-25.5967,-0.271892,-0.962328
103.3,68.6898,-25.6833,-0.271287,-0.962498
103.4,68.6629,-25.7706,-0.270198,-0.962805
103.5,68.636,-25.8587,-0.268801,-0.963196
103.6,68.6091,-25.9472,-0.267927,-0.963439
103.7,68.5822,-26.0357,-0.268078,-0.963397
103.8,68.5554,-26.1247,-0.266736,-0.96377
103.9,68.5287,-26.2143,-0.265152,-0.964207
104,68.5022,-26.3044,-0.262972,-0.964803
104.1,68.4759,-26.3952,-0.260653,-0.965433
104.2,68.4499,-26.4866,-0.258405,-0.966037
104.3,68.4241,-26.5784,-0.25635,-0.966584
104.4,68.3984,-26.6699,-0.256583,-0.966522
104.5,68.3728,-26.7616,-0.255799,-0.96673
104.6,68.3473,-26.8535,-0.254668,-0.967028
104.7,68.3219,-26.9459,-0.253205,-0.967413
104.8,68.2967,-27.0387,-0.251525,-0.967851
104.9,68.2717,-27.1318,-0.249811,-0.968295
105,68.247,-27.2252,-0.248182,-0.968713
105.1,68.2223,-27.3186,-0.247528,-0.968881
105.2,68.1977,-27.4121,-0.247515,-0.968884
105.3,68.1731,-27.5058,-0.246887,-0.969044
105.4,68.1485,-27.5999,-0.245811,-0.969318
105.5,68.1242,-27.6945,-0.244375,-0.969681
105.6,68.1,-27.7889,-0.24356,-0.969886
105.7,68.0759,-27.8834,-0.242624,-0.97012
105.8,68.0519,-27.978,-0.242193,-0.970228
105.9,68.028,-28.0727,-0.241499,-0.970401
106,68.0041,-28.1677,-0.24091,-0.970547
106.1,67.9803,-28.2628,-0.240604,-0.970623
106.2,67.9563,-28.3577,-0.241428,-0.970419
106.3,67.9323,-28.4523,-0.242567,-0.970135
106.4,67.9081,-28.5468,-0.243305,-0.96995
106.5,67.8838,-28.6414,-0.243798,-0.969826
106.6,67.8593,-28.7363,-0.244121,-0.969745
106.7,67.8348,-28.8315,-0.244334,-0.969691
106.8,67.8101,-28.927,-0.245024,-0.969517
106.9,67.7852,-29.0227,-0.24558,-0.969376
107,67.7601,-29.1185,-0.246296,-0.969195
107.1,67.735,-29.2147,-0.24611,-0.969242
107.2,67.7099,-29.3113,-0.245423,-0.969416
107.3,67.6848,-29.4085,-0.244539,-0.96964
107.4,67.6597,-29.5062,-0.243713,-0.969847
107.5,67.6346,-29.6041,-0.243837,-0.969816
107.6,67.6093,-29.7023,-0.244167,-0.969733
107.7,67.584,-29.8009,-0.243653,-0.969862
107.8,67.5587,-29.9002,-0.242372,-0.970183
107.9,67.5337,-30.0003,-0.240415,-0.97067
108,67.5088,-30.1012,-0.238022,-0.97126
108.1,67.4842,-30.2026,-0.236394,-0.971657
108.2,67.4598,-30.3046,-0.234404,-0.972139
108.3,67.4357,-30.4072,-0.231866,-0.972748
108.4,67.4119,-30.5105,-0.228913,-0.973447
108.5,67.3886,-30.6147,-0.22564,-0.974211
108.6,67.3658,-30.7196,-0.222188,-0.975004
108.7,67.3433,-30.825,-0.219431,-0.975628
108.8,67.3214,-30.9309,-0.216389,-0.976307
108.9,67.2999,-31.0375,-0.212898,-0.977074
109,67.279,-31.1447,-0.209005,-0.977915
109.1,67.2588,-31.2525,-0.204988,-0.978764
109.2,67.2392,-31.3609,-0.200939,-0.979604
109.3,67.2202,-31.4696,-0.197304,-0.980342
109.4,67.2018,-31.5788,-0.193748,-0.981051
109.5,67.1841,-31.6882,-0.19036,-0.981714
109.6,67.1668,-31.7979,-0.187246,-0.982313
109.7,67.15,-31.9077,-0.184679,-0.982799
109.8,67.1336,-32.0175,-0.182758,-0.983158
109.9,67.1175,-32.1273,-0.181215,-0.983443
110,67.1017,-32.2369,-0.17996,-0.983674
110.1,67.086,-32.3464,-0.178943,-0.98386
110.2,67.0706,-32.4557,-0.178264,-0.983983
110.3,67.0553,-32.5649,-0.177835,-0.98406
110.4,67.04,-32.6738,-0.178025,-0.984026
110.5,67.0246,-32.7824,-0.178522,-0.983936
110.6,67.0093,-32.8907,-0.179118,-0.983828
110.7,66.9938,-32.9987,-0.179769,-0.983709
110.8,66.9783,-33.1065,-0.180489,-0.983577
110.9,66.9626,-33.2142,-0.181569,-0.983378
111,66.9468,-33.3217,-0.182809,-0.983148
111.1,66.9307,-33.429,-0.184149,-0.982898
111.2,66.9144,-33.5364,-0.185161,-0.982708
111.3,66.8981,-33.6437,-0.185819,-0.982584
111.4,66.8817,-33.751,-0.186117,-0.982528
111.5,66.8652,-33.8583,-0.186332,-0.982487
111.6,66.8488,-33.9655,-0.186426,-0.982469
111.7,66.8324,-34.0726,-0.186676,-0.982422
111.8,66.8159,-34.1797,-0.187024,-0.982355
111.9,66.7994,-34.2866,-0.18734,-0.982295
112,66.7829,-34.3932,-0.187893,-0.98219
112.1,66.7663,-34.4996,-0.188105,-0.982149
112.2,66.7498,-34.6058,-0.188373,-0.982098
112.3,66.7333,-34.7116,-0.188553,-0.982063
112.4,66.7168,-34.8173,-0.188947,-0.981987
112.5,66.7003,-34.9227,-0.189236,-0.981932
112.6,66.6838,-35.0278,-0.18968,-0.981846
112.7,66.6672,-35.1329,-0.19038,-0.981711
112.8,66.6506,-35.2379,-0.190387,-0.981709
112.9,66.634,-35.3427,-0.190432,-0.9817
113,66.6176,-35.4474,-0.189778,-0.981827
113.1,66.6013,-35.552,-0.189398,-0.9819
113.2,66.5847,-35.6564,-0.191024,-0.981585
113.3,66.5681,-35.7608,-0.191341,-0.981524
113.4,66.5515,-35.8652,-0.191209,-0.981549
113.5,66.5351,-35.9694,-0.190563,-0.981675
113.6,66.519,-36.0735,-0.188876,-0.982001
113.7,66.5033,-36.1773,-0.187314,-0.9823
113.8,66.4878,-36.281,-0.186007,-0.982548
113.9,66.4726,-36.3844,-0.184937,-0.98275
114,66.4577,-36.4876,-0.18387,-0.982951
114.1,66.443,-36.5905,-0.182523,-0.983202
114.2,66.4287,-36.6931,-0.181125,-0.98346
114.3,66.4148,-36.7951,-0.179018,-0.983846
114.4,66.3975,-36.8963,-0.199653,-0.979867
114.5,66.3829,-36.9964,-0.185324,-0.982677
114.6,66.3654,-37.0957,-0.202956,-0.979188
114.7,66.3473,-37.1938,-0.207663,-0.9782
114.8,66.3289,-37.2906,-0.21073,-0.977544
114.9,66.3105,-37.3862,-0.212438,-0.977175
115,66.2923,-37.4805,-0.212528,-0.977155
115.1,66.2744,-37.5736,-0.21263,-0.977133
115.2,66.2568,-37.6657,-0.212428,-0.977177
115.3,66.2392,-37.757,-0.213471,-0.976949
115.4,66.2218,-37.8473,-0.213568,-0.976928
115.5,66.2044,-37.9367,-0.214373,-0.976752
115.6,66.1873,-38.0252,-0.213781,-0.976882
115.7,66.1706,-38.1129,-0.213188,-0.977011
115.8,66.1545,-38.1994,-0.210614,-0.977569
115.9,66.1384,-38.2855,-0.211131,-0.977458
116,66.1229,-38.3705,-0.209302,-0.977851
116.1,66.1069,-38.455,-0.212917,-0.97707
116.2,66.0911,-38.5381,-0.21358,-0.976926
116.3,66.0748,-38.6209,-0.217022,-0.976167
116.4,66.0587,-38.7014,-0.218833,-0.975762
116.5,66.042,-38.782,-0.222994,-0.97482
116.6,66.0256,-38.8601,-0.224323,-0.974515
116.7,66.008,-38.9388,-0.230963,-0.972962
116.8,65.9907,-39.0151,-0.233011,-0.972474
116.9,65.9723,-39.0924,-0.238451,-0.971154
117,65.9539,-39.1674,-0.241895,-0.970302
117.1,65.9352,-39.2431,-0.243077,-0.970007
117.2,65.9167,-39.3157,-0.246734,-0.969083
117.3,65.8975,-39.3898,-0.248186,-0.968712
117.4,65.8813,-39.462,-0.232267,-0.972652
117.5,65.8626,-39.5354,-0.246242,-0.969208
117.6,65.8459,-39.607,-0.237069,-0.971493
117.7,65.8293,-39.68,-0.233079,-0.972458
117.8,65.813,-39.7498,-0.236569,-0.971615
117.9,65.7974,-39.8219,-0.228955,-0.973437
118,65.7824,-39.8897,-0.230881,-0.972982
118.1,65.7667,-39.9601,-0.231569,-0.972818
118.2,65.7511,-40.0279,-0.235461,-0.971884
118.3,65.7354,-40.0975,-0.23307,-0.97246
118.4,65.7196,-40.1632,-0.240233,-0.970715
118.5,65.7036,-40.2314,-0.237508,-0.971386
118.6,65.6876,-40.2965,-0.242661,-0.970111
118.7,65.671,-40.3638,-0.242998,-0.970027
118.8,65.6541,-40.4289,-0.248766,-0.968564
118.9,65.6368,-40.4956,-0.248624,-0.9686
119,65.6192,-40.5606,-0.253844,-0.967245
119.1,65.6015,-40.627,-0.251415,-0.967879
119.2,65.5838,-40.6925,-0.253904,-0.967229
119.3,65.566,-40.7587,-0.252845,-0.967507
119.4,65.5483,-40.824,-0.253747,-0.967271
119.5,65.5308,-40.8897,-0.252287,-0.967652
119.6,65.5134,-40.9553,-0.251141,-0.967951
119.7,65.4958,-41.0215,-0.251693,-0.967807
119.8,65.4781,-41.0881,-0.251127,-0.967954
119.9,65.4604,-41.1553,-0.250474,-0.968123
120,65.4425,-41.2231,-0.25121,-0.967933
120.1,65.4244,-41.2917,-0.250399,-0.968143
120.2,65.406,-41.3616,-0.250388,-0.968146
120.3,65.3868,-41.433,-0.253507,-0.967334
120.4,65.3666,-41.506,-0.256806,-0.966463
120.5,65.3452,-41.5806,-0.261471,-0.965211
120.6,65.3225,-41.6568,-0.267183,-0.963646
120.7,65.2982,-41.7348,-0.273781,-0.961792
120.8,65.2722,-41.8148,-0.280734,-0.959786
120.9,65.2444,-41.8969,-0.287411,-0.957807
121,65.2149,-41.9811,-0.29369,-0.955901
121.1,65.1836,-42.0674,-0.299881,-0.953977
121.2,65.1506,-42.156,-0.305754,-0.95211
121.3,65.116,-42.2469,-0.310273,-0.950647
121.4,65.0807,-42.3403,-0.30941,-0.950929
121.5,65.0442,-42.4361,-0.311141,-0.950364
121.6,65.0069,-42.534,-0.312402,-0.94995
121.7,64.9694,-42.634,-0.30905,-0.951046
121.8,64.9317,-42.7359,-0.307574,-0.951524
121.9,64.8938,-42.8393,-0.305494,-0.952194
122,64.8562,-42.9443,-0.301831,-0.953361
122.1,64.819,-43.0509,-0.296813,-0.954936
122.2,64.7825,-43.1591,-0.291054,-0.956707
122.3,64.7468,-43.2688,-0.285061,-0.958509
122.4,64.7118,-43.3799,-0.27906,-0.960274
122.5,64.6776,-43.4925,-0.273084,-0.96199
122.6,64.6442,-43.6065,-0.267176,-0.963648
122.7,64.6116,-43.7216,-0.261438,-0.96522
122.8,64.5799,-43.838,-0.255999,-0.966677
122.9,64.5488,-43.9555,-0.250953,-0.967999
123,64.5185,-44.074,-0.246342,-0.969183
123.1,64.4888,-44.1934,-0.242163,-0.970236
123.2,64.4596,-44.3136,-0.238411,-0.971164
123.3,64.431,-44.4345,-0.235073,-0.971978
123.4,64.4028,-44.5561,-0.232132,-0.972684
123.5,64.375,-44.6782,-0.229564,-0.973294
123.6,64.3475,-44.8009,-0.22734,-0.973816
123.7,64.3203,-44.9241,-0.225423,-0.974261
123.8,64.2934,-45.0476,-0.223792,-0.974637
123.9,64.2667,-45.1715,-0.222396,-0.974957
124,64.2402,-45.2957,-0.221207,-0.975227
124.1,64.2138,-45.4203,-0.2202,-0.975455
124.2,64.1875,-45.545,-0.219353,-0.975645
124.3,64.1613,-45.67,-0.218648,-0.975804
124.4,64.1353,-45.7952,-0.218069,-0.975933
124.5,64.1093,-45.9206,-0.2176,-0.976038
124.6,64.0833,-46.0461,-0.217231,-0.97612
124.7,64.0574,-46.1718,-0.21695,-0.976183
124.8,64.0315,-46.2976,-0.216751,-0.976227
124.9,64.0056,-46.4235,-0.216628,-0.976254
125,63.9797,-46.5494,-0.216607,-0.976259
125.1,63.9537,-46.6755,-0.216653,-0.976249
125.2,63.9278,-46.8016,-0.216749,-0.976227
125.3,63.9018,-46.9278,-0.216888,-0.976196
125.4,63.8758,-47.0541,-0.217065,-0.976157
125.5,63.8497,-47.1804,-0.21728,-0.976109
125.6,63.8235,-47.3068,-0.217528,-0.976054
125.7,63.7973,-47.4331,-0.217808,-0.975992
125.8,63.7711,-47.5595,-0.218115,-0.975923
125.9,63.7448,-47.6859,-0.218446,-0.975849
126,63.7184,-47.8122,-0.218795,-0.975771
126.1,63.6919,-47.9386,-0.219159,-0.975689
126.2,63.6654,-48.0649,-0.219535,-0.975605
126.3,63.6389,-48.1913,-0.219916,-0.975519
126.4,63.6122,-48.3176,-0.220301,-0.975432
126.5,63.5855,-48.4438,-0.220686,-0.975345
126.6,63.5587,-48.5701,-0.221067,-0.975259
126.7,63.5318,-48.6963,-0.221441,-0.975174
126.8,63.5049,-48.8225,-0.221806,-0.975091
126.9,63.478,-48.9487,-0.222159,-0.97501
127,63.4509,-49.0748,-0.222499,-0.974933
127.1,63.4238,-49.201,-0.222823,-0.974859
127.2,63.3967,-49.3271,-0.223143,-0.974786
127.3,63.3695,-49.4532,-0.223445,-0.974716
127.4,63.3422,-49.5793,-0.223738,-0.974649
127.5,63.3149,-49.7054,-0.224003,-0.974589
127.6,63.2875,-49.8315,-0.224242,-0.974533
127.7,63.2601,-49.9576,-0.224456,-0.974484
127.8,63.2327,-50.0837,-0.224633,-0.974443
127.9,63.2053,-50.2098,-0.224784,-0.974409
128,63.1778,-50.3359,-0.224915,-0.974378
128.1,63.1503,-50.4621,-0.22502,-0.974354
128.2,63.1228,-50.5883,-0.225094,-0.974337
128.3,63.0952,-50.7146,-0.225142,-0.974326
128.4,63.0677,-50.841,-0.225164,-0.974321
128.5,63.0401,-50.9674,-0.22516,-0.974322
128.6,63.0125,-51.0938,-0.225134,-0.974328
128.7,62.985,-51.2204,-0.22509,-0.974338
128.8,62.9574,-51.347,-0.225028,-0.974352
128.9,62.9299,-51.4737,-0.224951,-0.97437
129,62.9023,-51.6004,-0.22486,-0.974391
129.1,62.8748,-51.7273,-0.224757,-0.974415
129.2,62.8472,-51.8542,-0.224644,-0.974441
129.3,62.8197,-51.9812,-0.22452,-0.974469
129.4,62.7922,-52.1083,-0.224387,-0.9745
129.5,62.7648,-52.2354,-0.224246,-0.974533
129.6,62.7373,-52.3627,-0.224097,-0.974567
129.7,62.7099,-52.49,-0.223941,-0.974603
129.8,62.6824,-52.6174,-0.22378,-0.97464
129.9,62.655,-52.7449,-0.223755,-0.974645
130,62.6276,-52.8725,-0.223685,-0.974662
130.1,62.6002,-53.0001,-0.223598,-0.974681
130.2,62.5728,-53.1279,-0.223497,-0.974705
130.3,62.5454,-53.2557,-0.223384,-0.974731
130.4,62.518,-53.3835,-0.22326,-0.974759
130.5,62.4907,-53.5114,-0.223126,-0.97479
130.6,62.4634,-53.6394,-0.222983,-0.974822
130.7,62.4361,-53.7675,-0.222832,-0.974857
130.8,62.4088,-53.8957,-0.222674,-0.974893
130.9,62.3815,-54.0239,-0.22251,-0.97493
131,62.3543,-54.1522,-0.222341,-0.974969
131.1,62.3271,-54.2806,-0.222167,-0.975009
131.2,62.2999,-54.4091,-0.221989,-0.975049
131.3,62.2728,-54.5376,-0.221805,-0.975091
131.4,62.2457,-54.6663,-0.221618,-0.975134
131.5,62.2186,-54.795,-0.221426,-0.975177
131.6,62.1916,-54.9238,-0.221231,-0.975221
131.7,62.1646,-55.0526,-0.221033,-0.975266
131.8,62.1376,-55.1815,-0.220832,-0.975312
131.9,62.1106,-55.3106,-0.220628,-0.975358
132,62.0837,-55.4396,-0.220422,-0.975405
132.1,62.0569,-55.5688,-0.220214,-0.975452
132.2,62.03,-55.698,-0.220003,-0.975499
132.3,62.0032,-55.8273,-0.21979,-0.975547
132.4,61.9765,-55.9567,-0.219576,-0.975595
132.5,61.9498,-56.0861,-0.219359,-0.975644
132.6,61.9231,-56.2156,-0.219141,-0.975693
132.7,61.896,-56.345,-0.221547,-0.97515
132.8,61.8685,-56.4742,-0.223345,-0.974739
132.9,61.8413,-56.6035,-0.221987,-0.97505
133,61.8138,-56.7326,-0.223618,-0.974677
133.1,61.7861,-56.8617,-0.224823,-0.9744
133.2,61.7582,-56.9907,-0.225704,-0.974196
133.3,61.7302,-57.1196,-0.226337,-0.974049
133.4,61.7021,-57.2485,-0.226779,-0.973946
133.5,61.674,-57.3773,-0.227073,-0.973878
133.6,61.6458,-57.5061,-0.22725,-0.973836
133.7,61.6177,-57.6349,-0.227337,-0.973816
133.8,61.5895,-57.7638,-0.227351,-0.973813
133.9,61.5614,-57.8926,-0.227308,-0.973823
134,61.5333,-58.0214,-0.227219,-0.973844
134.1,61.5052,-58.1502,-0.227093,-0.973873
134.2,61.4772,-58.2791,-0.226938,-0.973909
134.3,61.4492,-58.408,-0.22676,-0.973951
134.4,61.4212,-58.5369,-0.226562,-0.973997
134.5,61.3933,-58.6658,-0.226351,-0.974046
134.6,61.3655,-58.7947,-0.226127,-0.974098
134.7,61.3377,-58.9237,-0.225896,-0.974151
134.8,61.3099,-59.0527,-0.225659,-0.974206
134.9,61.2823,-59.1817,-0.225419,-0.974262
135,61.2546,-59.3107,-0.225177,-0.974318
135.1,61.227,-59.4398,-0.224933,-0.974374
135.2,61.1995,-59.5689,-0.22469,-0.97443
135.3,61.1721,-59.698,-0.224447,-0.974486
135.4,61.1446,-59.8272,-0.224205,-0.974542
135.5,61.1173,-59.9564,-0.223965,-0.974597
135.6,61.09,-60.0856,-0.223727,-0.974652
135.7,61.0627,-60.2149,-0.223494,-0.974705
135.8,61.0355,-60.3441,-0.223265,-0.974758
135.9,61.0084,-60.4735,-0.223043,-0.974809
136,60.9813,-60.6028,-0.222829,-0.974858
136.1,60.9543,-60.7322,-0.222624,-0.974904
136.2,60.9273,-60.8616,-0.222427,-0.974949
136.3,60.9003,-60.991,-0.222241,-0.974992
136.4,60.8734,-61.1205,-0.222074,-0.97503
136.5,60.8465,-61.25,-0.221958,-0.975056
136.6,60.8196,-61.3795,-0.221896,-0.97507
136.7,60.7928,-61.5091,-0.221878,-0.975074
136.8,60.7659,-61.6388,-0.221894,-0.975071
136.9,60.739,-61.7685,-0.221934,-0.975062
137,60.7121,-61.8983,-0.221991,-0.975049
137.1,60.6852,-62.0281,-0.22206,-0.975033
137.2,60.6583,-62.158,-0.222137,-0.975016
137.3,60.6314,-62.2879,-0.22222,-0.974997
137.4,60.6044,-62.4179,-0.222323,-0.974973
137.5,60.5774,-62.5479,-0.222426,-0.974949
137.6,60.5505,-62.678,-0.222532,-0.974925
137.7,60.5234,-62.8081,-0.222642,-0.9749
137.8,60.4964,-62.9382,-0.222756,-0.974874
137.9,60.4694,-63.0683,-0.222874,-0.974847
138,60.4423,-63.1985,-0.222998,-0.974819
138.1,60.4152,-63.3287,-0.22313,-0.974789
138.2,60.3881,-63.459,-0.223269,-0.974757
138.3,60.361,-63.5893,-0.223415,-0.974723
138.4,60.3338,-63.7196,-0.223569,-0.974688
138.5,60.3066,-63.8499,-0.223731,-0.974651
138.6,60.2794,-63.9802,-0.2239,-0.974612
138.7,60.2522,-64.1106,-0.224075,-0.974572
138.8,60.2249,-64.2409,-0.224256,-0.97453
138.9,60.1976,-64.3713,-0.224442,-0.974487
139,60.1703,-64.5017,-0.224635,-0.974443
139.1,60.1429,-64.6321,-0.224832,-0.974397
139.2,60.1156,-64.7625,-0.225036,-0.974351
139.3,60.0881,-64.8929,-0.225246,-0.974302
139.4,60.0607,-65.0233,-0.225461,-0.974252
139.5,60.0332,-65.1538,-0.225681,-0.974201
139.6,60.0057,-65.2842,-0.22589,-0.974153
139.7,59.9782,-65.4145,-0.226091,-0.974106
139.8,59.9506,-65.5449,-0.226303,-0.974057
139.9,59.923,-65.6753,-0.226509,-0.974009
140,59.8954,-65.8056,-0.226713,-0.973962
140.1,59.8678,-65.9359,-0.226916,-0.973914
140.2,59.8401,-66.0662,-0.227118,-0.973867
140.3,59.8124,-66.1965,-0.227321,-0.97382
140.4,59.7847,-66.3268,-0.227527,-0.973772
140.5,59.757,-66.457,-0.227734,-0.973723
140.6,59.7293,-66.5871,-0.227953,-0.973672
140.7,59.7015,-66.7173,-0.228167,-0.973622
140.8,59.6737,-66.8474,-0.228376,-0.973573
140.9,59.6459,-66.9775,-0.22858,-0.973525
141,59.618,-67.1075,-0.228781,-0.973478
141.1,59.5902,-67.2375,-0.228978,-0.973431
141.2,59.5623,-67.3675,-0.229172,-0.973386
141.3,59.5344,-67.4974,-0.229362,-0.973341
141.4,59.5065,-67.6273,-0.229549,-0.973297
141.5,59.4786,-67.7571,-0.229733,-0.973254
141.6,59.4507,-67.8869,-0.229912,-0.973211
141.7,59.4228,-68.0166,-0.230088,-0.97317
141.8,59.3948,-68.1463,-0.23026,-0.973129
141.9,59.3669,-68.2759,-0.230426,-0.97309
142,59.3389,-68.4055,-0.230586,-0.973052
142.1,59.311,-68.535,-0.230739,-0.973016
142.2,59.283,-68.6644,-0.230887,-0.97298
142.3,59.255,-68.7938,-0.231031,-0.972947
142.4,59.2271,-68.9232,-0.231169,-0.972914
142.5,59.1991,-69.0525,-0.231303,-0.972882
142.6,59.1712,-69.1817,-0.231432,-0.972851
142.7,59.1432,-69.3109,-0.231557,-0.972821
142.8,59.1153,-69.44,-0.231677,-0.972793
142.9,59.0873,-69.569,-0.231792,-0.972765
143,59.0594,-69.698,-0.231906,-0.972738
143.1,59.0315,-69.8269,-0.23203,-0.972709
143.2,59.0035,-69.9558,-0.232165,-0.972677
143.3,58.9756,-70.0846,-0.232423,-0.972615
143.4,58.9476,-70.2134,-0.232608,-0.97257
143.5,58.9197,-70.342,-0.232872,-0.972507
143.6,58.8916,-70.4707,-0.233157,-0.972439
143.7,58.8636,-70.5992,-0.233436,-0.972372
143.8,58.8356,-70.7277,-0.233696,-0.97231
143.9,58.8075,-70.8561,-0.233935,-0.972252
144,58.7794,-70.9844,-0.234177,-0.972194
144.1,58.7513,-71.1126,-0.234385,-0.972144
144.2,58.7232,-71.2407,-0.234588,-0.972095
144.3,58.6951,-71.3687,-0.234784,-0.972047
144.4,58.667,-71.4967,-0.23497,-0.972003
144.5,58.6386,-71.6244,-0.23686,-0.971544
144.6,58.61,-71.7518,-0.238233,-0.971208
144.7,58.5812,-71.8791,-0.239245,-0.970959
144.8,58.5523,-72.0062,-0.240263,-0.970708
144.9,58.5231,-72.1333,-0.241222,-0.97047
145,58.4939,-72.2602,-0.242093,-0.970253
145.1,58.4645,-72.387,-0.242862,-0.970061
145.2,58.435,-72.5138,-0.243528,-0.969894
145.3,58.4054,-72.6405,-0.244094,-0.969751
145.4,58.3758,-72.7671,-0.244567,-0.969632
145.5,58.3461,-72.8935,-0.244956,-0.969534
145.6,58.3164,-73.0199,-0.24527,-0.969455
145.7,58.2867,-73.1463,-0.245521,-0.969391
145.8,58.257,-73.2725,-0.245718,-0.969341
145.9,58.2272,-73.3986,-0.245869,-0.969303
146,58.1975,-73.5247,-0.245982,-0.969274
146.1,58.1678,-73.6506,-0.246062,-0.969254
146.2,58.1382,-73.7765,-0.246114,-0.969241
146.3,58.1085,-73.9023,-0.246141,-0.969234
146.4,58.0789,-74.0281,-0.246148,-0.969232
146.5,58.0494,-74.1537,-0.246136,-0.969235
146.6,58.0199,-74.2793,-0.246107,-0.969243
146.7,57.9904,-74.4048,-0.246061,-0.969254
146.8,57.9609,-74.5303,-0.246001,-0.96927
146.9,57.9315,-74.6557,-0.245957,-0.969281
147,57.9022,-74.781,-0.245911,-0.969293
147.1,57.8729,-74.9063,-0.245852,-0.969307
147.2,57.8436,-75.0316,-0.245777,-0.969326
147.3,57.8144,-75.1568,-0.245688,-0.969349
147.4,57.7852,-75.2819,-0.245585,-0.969375
147.5,57.7561,-75.407,-0.245479,-0.969402
147.6,57.727,-75.5321,-0.245375,-0.969428
147.7,57.698,-75.6571,-0.245277,-0.969453
147.8,57.6691,-75.7821,-0.245184,-0.969477
147.9,57.6401,-75.907,-0.245092,-0.9695
148,57.6113,-76.0319,-0.244997,-0.969524
148.1,57.5825,-76.1568,-0.244894,-0.96955
148.2,57.5537,-76.2816,-0.24478,-0.969579
148.3,57.525,-76.4064,-0.244649,-0.969612
148.4,57.4963,-76.5312,-0.244499,-0.969649
148.5,57.4678,-76.6559,-0.244328,-0.969693
148.6,57.4392,-76.7806,-0.244135,-0.969741
148.7,57.4108,-76.9052,-0.243936,-0.969791
148.8,57.3825,-77.0298,-0.243727,-0.969844
148.9,57.3542,-77.1544,-0.243492,-0.969903
149,57.326,-77.2789,-0.243257,-0.969962
149.1,57.2979,-77.4034,-0.243003,-0.970026
149.2,57.2699,-77.5278,-0.242718,-0.970097
149.3,57.242,-77.6522,-0.242397,-0.970177
149.4,57.2142,-77.7765,-0.242038,-0.970267
149.5,57.1865,-77.9008,-0.241643,-0.970365
149.6,57.159,-78.025,-0.241211,-0.970473
149.7,57.1315,-78.1491,-0.240745,-0.970588
149.8,57.1043,-78.2732,-0.240245,-0.970712
149.9,57.0772,-78.3972,-0.23961,-0.970869
150,57.0503,-78.5211,-0.238999,-0.97102
150.1,57.0236,-78.6449,-0.238262,-0.971201
150.2,56.9972,-78.7686,-0.237453,-0.971399
150.3,56.9709,-78.8922,-0.236615,-0.971603
150.4,56.9449,-79.0157,-0.235775,-0.971808
150.5,56.9192,-79.139,-0.234954,-0.972006
150.6,56.8936,-79.2622,-0.23418,-0.972193
150.7,56.8683,-79.3853,-0.233443,-0.97237
150.8,56.8432,-79.5082,-0.232734,-0.97254
150.9,56.8183,-79.6309,-0.232051,-0.972704
151,56.7936,-79.7535,-0.231535,-0.972827
151.1,56.7691,-79.8758,-0.230988,-0.972957
151.2,56.7449,-79.998,-0.230407,-0.973094
151.3,56.7208,-80.1199,-0.229798,-0.973238
151.4,56.697,-80.2415,-0.229112,-0.9734
151.5,56.6734,-80.3629,-0.228241,-0.973605
151.6,56.6502,-80.4839,-0.227211,-0.973846
151.7,56.6273,-80.6046,-0.226232,-0.974073
151.8,56.6047,-80.725,-0.225378,-0.974272
151.9,56.5824,-80.8451,-0.224602,-0.974451
152,56.5603,-80.965,-0.223824,-0.97463
152.1,56.5385,-81.0846,-0.222974,-0.974824
152.2,56.5171,-81.2037,-0.221782,-0.975096
152.3,56.4961,-81.3221,-0.220872,-0.975303
152.4,56.4758,-81.4394,-0.218519,-0.975833
152.5,56.4561,-81.5562,-0.217031,-0.976165
152.6,56.4367,-81.6726,-0.215609,-0.97648
152.7,56.4174,-81.7889,-0.215387,-0.976529
152.8,56.3982,-81.9052,-0.215895,-0.976417
152.9,56.379,-82.0214,-0.215572,-0.976488
153,56.3601,-82.1373,-0.215128,-0.976586
153.1,56.3413,-82.2527,-0.215526,-0.976498
153.2,56.3224,-82.3676,-0.216525,-0.976277
153.3,56.3036,-82.4819,-0.217204,-0.976126
153.4,56.2848,-82.5958,-0.218003,-0.975948
153.5,56.2659,-82.7092,-0.219122,-0.975697
153.6,56.2457,-82.8219,-0.227158,-0.973858
153.7,56.2245,-82.9339,-0.233469,-0.972364
153.8,56.2027,-83.0451,-0.23826,-0.971201
153.9,56.1805,-83.1555,-0.240726,-0.970593
154,56.1585,-83.2651,-0.241538,-0.970391
154.1,56.137,-83.3748,-0.23882,-0.971064
154.2,56.1155,-83.4844,-0.239322,-0.97094
154.3,56.0945,-83.5933,-0.238199,-0.971216
154.4,56.0751,-83.699,-0.233646,-0.972322
154.5,56.0539,-83.8054,-0.242719,-0.970097
154.6,56.0335,-83.9108,-0.240506,-0.970648
154.7,56.0121,-84.0091,-0.255222,-0.966883
154.8,55.9913,-84.1016,-0.261131,-0.965303
154.9,55.9748,-84.1865,-0.248117,-0.96873
155,55.9575,-84.2751,-0.247268,-0.968947
155.1,55.9373,-84.3666,-0.259954,-0.965621
155.2,55.9161,-84.4554,-0.270269,-0.962785
155.3,55.8939,-84.5383,-0.286483,-0.958085
155.4,55.8711,-84.6258,-0.281695,-0.959504
155.5,55.8525,-84.7045,-0.272292,-0.962215
155.6,55.8454,-84.7629,-0.229759,-0.973248
155.7,55.8358,-84.8391,-0.22009,-0.97548
155.8,55.8338,-84.92,-0.164523,-0.986373
155.9,55.8331,-84.992,-0.166275,-0.986079
156,55.8249,-85.0753,-0.202613,-0.979259
156.1,55.8184,-85.1655,-0.183952,-0.982935
156.2,55.8164,-85.2519,-0.160638,-0.987013
156.3,55.8089,-85.3418,-0.191545,-0.981484
156.4,55.825,-85.4235,-0.0471301,-0.998889
156.5,55.8256,-85.5146,-0.142756,-0.989758
156.6,55.8022,-85.5949,-0.304079,-0.952647
156.7,55.8009,-85.6807,-0.160337,-0.987062
156.8,55.7529,-85.7485,-0.470943,-0.882164
156.9,55.7044,-85.8664,-0.363745,-0.931499
157,55.6215,-85.9481,-0.584096,-0.811684
157.1,55.5868,-86.0164,-0.395318,-0.918544
157.2,55.5544,-86.0892,-0.371219,-0.928546
157.3,55.5323,-86.1625,-0.307988,-0.95139
157.4,55.5156,-86.2166,-0.314534,-0.949246
157.5,55.4968,-86.2859,-0.295837,-0.955238
157.6,55.4753,-86.3601,-0.30319,-0.95293
157.7,55.457,-86.4336,-0.284112,-0.958791
157.8,55.4524,-86.5147,-0.185537,-0.982637
157.9,55.3979,-86.5917,-0.47742,-0.878675
158,55.3779,-86.6614,-0.302978,-0.952998
158.1,55.3569,-86.6774,-0.473827,-0.880618
158.2,55.3346,-86.697,-0.468201,-0.883622
158.3,55.3232,-86.7313,-0.324124,-0.946015
158.4,55.3153,-86.7754,-0.271083,-0.962556
158.5,55.3043,-86.8266,-0.279029,-0.960283
158.6,55.3156,-86.881,-0.0969822,-0.995286
158.7,55.3004,-86.8931,-0.441439,-0.897291
158.8,55.2975,-86.9355,-0.233523,-0.972351
158.9,55.2979,-86.9938,-0.180703,-0.983538
159,55.3155,-87.0493,-0.0471336,-0.998889
159.1,55.3272,-87.0895,-0.109551,-0.993981
159.2,55.3607,-87.1799,0.0634632,-0.997984
159.3,55.4371,-87.2446,0.373714,-0.927544
159.4,55.489,-87.2822,0.25831,-0.966062
159.5,55.534,-87.3568,0.145414,-0.989371
159.6,55.5794,-87.4024,0.182728,-0.983163
159.7,55.6164,-87.4585,0.0986288,-0.995124
159.8,55.6302,-87.5568,-0.0698779,-0.997556
159.9,55.6674,-87.6055,0.102943,-0.994687
160,55.7274,-87.6443,0.313433,-0.94961
160.1,55.7798,-87.7072,0.203051,-0.979168
160.2,55.8188,-87.7592,0.108514,-0.994095
160.3,55.8463,-87.8096,0.00879069,-0.999961
160.4,55.8802,-87.8654,0.060189,-0.998187
160.5,55.9026,-87.8722,-0.0625043,-0.998045
160.6,55.8757,-87.8869,-0.562843,-0.826564
160.7,55.8518,-87.9442,-0.384649,-0.923063
160.8,55.8495,-87.9759,-0.290214,-0.956962
160.9,55.8453,-88.0239,-0.266315,-0.963886
161,55.8581,-88.0879,-0.10943,-0.993994
161.1,55.8673,-88.1448,-0.146865,-0.989156
161.2,55.8701,-88.2085,-0.187772,-0.982213
161.3,55.8854,-88.2913,-0.0817825,-0.99665
161.4,55.9037,-88.3268,-0.092853,-0.99568
161.5,55.9405,-88.3974,0.0668205,-0.997765
161.6,55.9691,-88.4721,0.00451034,-0.99999
161.7,55.994,-88.5245,-0.0289527,-0.999581
161.8,56.0315,-88.5757,0.0777846,-0.99697
161.9,56.0579,-88.6367,-0.0182732,-0.999833
162,56.1002,-88.745,0.0777731,-0.996971
162.1,56.1822,-88.8229,0.3492,-0.937048
162.2,56.2588,-88.8511,0.456037,-0.889961
162.3,56.3351,-88.9023,0.374212,-0.927343
162.4,56.4099,-88.9416,0.397348,-0.917668
162.5,56.4641,-88.9843,0.216423,-0.9763
162.6,56.5085,-89.0358,0.115227,-0.993339
162.7,56.5314,-89.0421,-0.122531,-0.992465
162.8,56.5496,-89.0691,-0.147219,-0.989104
162.9,56.5872,-89.1059,0.0597677,-0.998212
163,56.6095,-89.1466,-0.0917699,-0.99578
163.1,56.5964,-89.152,-0.554811,-0.831976
163.2,56.5702,-89.1115,-0.936588,-0.350432
163.3,56.5939,-89.0721,-0.330242,-0.943897
163.4,56.5892,-89.0709,-0.512325,-0.858792
163.5,56.601,-89.0444,-0.488495,-0.872567
163.6,56.5782,-89.054,-0.603411,-0.79743
163.7,56.562,-89.0141,-0.905507,-0.424331
163.8,56.5568,-88.9601,-0.974392,-0.224857
163.9,56.5308,-88.9394,-0.807804,-0.589451
164,56.4928,-88.9587,-0.64609,-0.763261
164.1,56.455,-88.9342,-0.875349,-0.483491
164.2,56.4322,-88.9349,-0.646358,-0.763035
164.3,56.4311,-88.9807,-0.282873,-0.959157
164.4,56.4086,-88.9813,-0.645355,-0.763883
164.5,56.3816,-88.9986,-0.585561,-0.810628
164.6,56.3554,-89.0318,-0.510642,-0.859794
164.7,56.3401,-89.0163,-0.697699,-0.716391
164.8,56.3112,-89.0488,-0.530089,-0.847942
164.9,56.2482,-89.1075,-0.610193,-0.792253
165,56.2101,-89.2095,-0.38425,-0.923229
165.1,56.1296,-89.2849,-0.625894,-0.779908
165.2,56.0272,-89.3154,-0.817637,-0.575735
165.3,55.9701,-89.3669,-0.604693,-0.796458
165.4,55.9087,-89.4486,-0.532788,-0.846249
165.5,55.9181,-89.6006,-0.0945778,-0.995517
165.6,55.928,-89.7333,-0.103063,-0.994675
165.7,55.9396,-89.8598,-0.098983,-0.995089
165.8,55.8568,-89.9267,-0.658407,-0.752662
165.9,55.7686,-90.0083,-0.634661,-0.772791
166,55.7265,-90.1094,-0.40392,-0.914794
166.1,55.6945,-90.1614,-0.476342,-0.87926
166.2,55.7014,-90.2449,-0.157954,-0.987446
166.3,55.6639,-90.3035,-0.488196,-0.872734
166.4,55.6693,-90.388,-0.168356,-0.985726
166.5,55.6814,-90.4131,-0.205964,-0.97856
166.6,55.7194,-90.3449,-0.205964,-0.97856
166.7,55.8202,-90.3649,0.645182,-0.764029
166.8,55.8998,-90.3817,0.520011,-0.854159
166.9,55.9474,-90.4242,0.149417,-0.988774
167,55.9524,-90.4931,-0.200996,-0.979592
167.1,56.0075,-90.5637,0.169917,-0.985458
167.2,56.0645,-90.6062,0.228366,-0.973575
167.3,56.1113,-90.6571,0.122141,-0.992513
167.4,56.1083,-90.6927,-0.348399,-0.937346
167.5,56.1449,-90.7265,0.0348107,-0.999394
167.6,56.1774,-90.744,-0.0134914,-0.999909
167.7,56.2041,-90.7638,-0.0854191,-0.996345
167.8,56.1923,-90.7738,-0.538775,-0.84245
167.9,56.2159,-90.7484,-0.273748,-0.961801
168,56.1898,-90.7283,-0.824779,-0.565455
168.1,56.2071,-90.6834,-0.704389,-0.709814
168.2,56.2214,-90.6882,-0.281517,-0.959556
168.3,56.2305,-90.7427,-0.207831,-0.978165
168.4,56.1938,-90.7773,-0.593369,-0.804931
168.5,56.1834,-90.8022,-0.456139,-0.889908
168.6,56.2252,-90.8004,0.131296,-0.991343
168.7,56.2549,-90.8022,-0.0675533,-0.997716
168.8,56.2649,-90.85,-0.21671,-0.976236
168.9,56.3318,-90.8907,0.305045,-0.952338
169,56.367,-90.9221,0.00640316,-0.99998
169.1,56.3718,-90.9395,-0.359266,-0.933235
169.2,56.3858,-90.9526,-0.272996,-0.962015
169.3,56.3847,-90.9947,-0.332126,-0.943235
169.4,56.4189,-91.0722,-0.00665077,-0.999978
169.5,56.5152,-91.1375,0.435768,-0.900059
169.6,56.5626,-91.2131,0.0835119,-0.996507
169.7,56.6417,-91.2777,0.325218,-0.945639
169.8,56.6957,-91.3,0.204286,-0.978911
169.9,56.7357,-91.3278,0.0334009,-0.999442
170,56.7092,-91.3042,-0.873248,-0.487275
170.1,56.6964,-91.2777,-0.836311,-0.548256
170.2,56.6671,-91.2892,-0.68342,-0.730025
170.3,56.6858,-91.3148,-0.210142,-0.977671
170.4,56.7479,-91.3655,0.220979,-0.975279
170.5,56.7621,-91.4308,-0.183465,-0.983026
170.6,56.7431,-91.4589,-0.546303,-0.837588
170.7,56.7562,-91.4474,-0.4598,-0.888022
170.8,56.7797,-91.3684,-0.579045,0.815296
170.9,56.8401,-91.2839,0.663904,0.747818
171,56.8894,-91.248,0.448749,-0.893658
171.1,56.931,-91.2279,0.0980622,-0.99518
171.2,57.0181,-91.2582,0.483503,-0.875343
171.3,57.1228,-91.2672,0.701071,-0.713091
171.4,57.2777,-91.276,0.865698,-0.500566
171.5,57.3895,-91.2636,0.846889,-0.531769
171.6,57.4692,-91.2611,0.586981,-0.809601
171.7,57.5259,-91.2725,0.236526,-0.971625
171.8,57.5406,-91.281,-0.36066,-0.932697
171.9,57.5559,-91.2932,-0.339254,-0.940695
172,57.5663,-91.3176,-0.34508,-0.938573
172.1,57.5676,-91.3375,-0.452614,-0.891706
172.2,57.6117,-91.3316,0.0697662,-0.997563
172.3,57.6396,-91.3709,-0.13113,-0.991365
172.4,57.7083,-91.4393,0.217208,-0.976125
172.5,57.7731,-91.4989,0.198372,-0.980127
172.6,57.8472,-91.5297,0.349962,-0.936764
172.7,57.9016,-91.5702,0.127428,-0.991848
172.8,57.9415,-91.6151,-0.0241102,-0.999709
172.9,57.9933,-91.6506,0.101732,-0.994812
173,58.0686,-91.6724,0.388297,-0.921534
173.1,58.1176,-91.7101,0.0628848,-0.998021
173.2,58.1304,-91.7825,-0.232911,-0.972498
173.3,58.169,-91.8529,-0.0401566,-0.999193
173.4,58.1869,-91.9011,-0.245115,-0.969494
173.5,58.1795,-91.9407,-0.480227,-0.877144
173.6,58.202,-91.9402,-0.373566,-0.927603
173.7,58.2079,-91.9313,-0.645292,-0.763936
173.8,58.2586,-91.9115,0.183994,-0.982927
173.9,58.3035,-91.8962,0.0164934,-0.999864
174,58.3423,-91.9006,-0.0969616,-0.995288
174.1,58.3697,-91.9104,-0.259778,-0.965668
174.2,58.4471,-91.9227,0.442329,-0.896853
174.3,58.506,-91.9486,0.173133,-0.984898
174.4,58.545,-91.9813,-0.0724307,-0.997373
174.5,58.5698,-92.0205,-0.217298,-0.976105
174.6,58.6035,-92.0449,-0.152431,-0.988314
174.7,58.6239,-92.072,-0.302109,-0.953273
174.8,58.6289,-92.0514,-0.78447,-0.620166
174.9,58.6425,-92.0553,-0.494071,-0.869421
175,58.6335,-92.0676,-0.644773,-0.764374
175.1,58.6173,-92.1101,-0.54589,-0.837857
175.2,58.556,-92.1311,-0.824037,-0.566536
175.3,58.5332,-92.1202,-0.853063,-0.521808
175.4,58.4679,-92.088,-0.982972,-0.183756
175.5,58.4435,-92.0844,-0.815126,-0.579284
175.6,58.4108,-92.0977,-0.760829,-0.648952
175.7,58.3791,-92.061,-0.977387,-0.21146
175.8,58.3221,-92.0637,-0.876088,-0.482151
175.9,58.2706,-92.0167,-0.997639,-0.0686829
176,58.2497,-92.0092,-0.816139,-0.577855
176.1,58.1944,-91.9856,-0.956708,-0.291048
176.2,58.1366,-91.8755,-0.87743,0.479705
176.3,58.1239,-91.7859,-0.850095,0.526629
176.4,58.075,-91.7308,-0.999994,0.00338183
176.5,58.0041,-91.6671,-0.997088,0.076263
176.6,57.9557,-91.6265,-0.987191,-0.159542
176.7,57.918,-91.5749,-0.9988,-0.0489834
176.8,57.8691,-91.5791,-0.835717,-0.54916
176.9,57.8204,-91.6047,-0.744449,-0.667679
177,57.7643,-91.5809,-0.950371,-0.311118
177.1,57.7188,-91.5464,-0.970682,-0.240367
177.2,57.7028,-91.5255,-0.852209,-0.523202
177.3,57.7262,-91.4948,-0.575062,-0.81811
177.4,57.7901,-91.4518,0.858239,-0.513251
177.5,57.8267,-91.4361,-0.123,-0.992407
177.6,57.847,-91.4345,-0.36458,-0.931172
177.7,57.853,-91.4455,-0.469233,-0.883074
177.8,57.8542,-91.4507,-0.551742,-0.834015
177.9,57.8535,-91.4318,-0.752207,-0.658927
178,57.85,-91.4323,-0.624083,-0.781358
178.1,57.8566,-91.4401,-0.480428,-0.877034
178.2,57.8267,-91.4686,-0.646502,-0.762912
178.3,57.8464,-91.5027,-0.237079,-0.97149
178.4,57.8233,-91.5042,-0.748692,-0.662918
178.5,57.7687,-91.5194,-0.803846,-0.594838
178.6,57.7331,-91.5809,-0.548899,-0.835889
178.7,57.7285,-91.6721,-0.299925,-0.953963
178.8,57.7442,-91.8053,-0.137251,-0.990536
178.9,57.7721,-91.9153,-0.0869713,-0.996211
179,57.7618,-91.9213,-0.652988,-0.757368
179.1,57.7614,-91.896,-0.819764,-0.572701
179.2,57.737,-91.9089,-0.699998,-0.714144
179.3,57.756,-91.8971,-0.473208,-0.880951
179.4,57.7513,-91.9113,-0.561643,-0.82738
179.5,57.782,-91.8902,-0.32843,-0.944528
179.6,57.7892,-91.9077,-0.436946,-0.899488
179.7,57.7465,-91.9278,-0.749534,-0.661966
179.8,57.7239,-91.9762,-0.532683,-0.846315
179.9,57.697,-91.9747,-0.790102,-0.612976
180,57.7038,-91.9609,-0.651633,-0.758534
180.1,57.6837,-91.9672,-0.712152,-0.702025
180.2,57.6706,-91.9982,-0.540869,-0.841107
180.3,57.7293,-91.9375,0.952723,0.30384
180.4,57.8175,-91.8715,0.97449,0.224433
180.5,57.8772,-91.8221,0.941749,-0.336316
180.6,57.9167,-91.7961,-0.112495,-0.993652
180.7,57.9351,-91.776,-0.571182,-0.820823
180.8,57.9369,-91.7766,-0.592598,-0.805498
180.9,57.9229,-91.7983,-0.594842,-0.803842
181,57.9166,-91.8693,-0.36323,-0.9317
181.1,57.8862,-91.9275,-0.544092,-0.839026
181.2,57.8497,-91.9346,-0.788097,-0.615551
181.3,57.8614,-91.9554,-0.382156,-0.924098
181.4,57.8231,-91.9731,-0.745063,-0.666994
181.5,57.834,-91.9999,-0.365332,-0.930877
181.6,57.8138,-92.0024,-0.739858,-0.672763
181.7,57.8627,-91.9814,0.167415,-0.985887
181.8,57.8877,-91.961,-0.466348,-0.884601
181.9,57.8958,-91.94,-0.717233,-0.696834
182,57.9015,-91.9502,-0.499481,-0.866325
182.1,57.9157,-91.9931,-0.284133,-0.958785
182.2,57.9027,-91.9737,-0.846572,-0.532274
182.3,57.9399,-91.9945,-0.0800214,-0.996793
182.4,57.9707,-91.9972,-0.21565,-0.976471
182.5,57.9862,-92.0134,-0.369668,-0.929164
182.6,57.9902,-92.0648,-0.350694,-0.93649
182.7,57.9445,-92.1219,-0.625404,-0.780301
182.8,57.949,-92.1817,-0.325655,-0.945489
182.9,57.9796,-92.2848,-0.0849663,-0.996384
183,57.9861,-92.3647,-0.272663,-0.96211
183.1,58.0315,-92.3927,0.00870779,-0.999962
183.2,58.0755,-92.3524,0.00870779,-0.999962
183.3,58.1564,-92.3304,0.74923,-0.66231
183.4,58.2032,-92.3217,0.0378096,-0.999285
183.5,58.2366,-92.3003,-0.346852,-0.93792
183.6,58.2659,-92.3096,-0.248055,-0.968746
183.7,58.2963,-92.3356,-0.185696,-0.982607
183.8,58.3628,-92.3669,0.239641,-0.970861
183.9,58.4163,-92.3414,0.269078,-0.963118
184,58.3935,-92.2858,-0.999139,0.0414847
184.1,58.4183,-92.2151,-0.76305,0.646339
184.2,58.4311,-92.1746,-0.934559,-0.355808
184.3,58.4406,-92.1652,-0.636065,-0.771636
184.4,58.4366,-92.1778,-0.602347,-0.798234
184.5,58.4826,-92.1879,0.00600074,-0.999982
184.6,58.506,-92.1964,-0.341468,-0.939893
184.7,58.556,-92.1728,0.138712,-0.990333
184.8,58.6206,-92.1444,0.607026,-0.794682
184.9,58.6604,-92.1312,-0.157334,-0.987545
185,58.6725,-92.1281,-0.566619,-0.82398
185.1,58.7048,-92.0791,-0.566619,-0.82398
185.2,58.7144,-92.0548,-0.790959,-0.611869
185.3,58.7039,-92.048,-0.777201,-0.629252
185.4,58.6719,-92.0485,-0.826905,-0.562342
185.5,58.6321,-92.0715,-0.749158,-0.662391
185.6,58.6234,-92.1337,-0.429121,-0.903247
185.7,58.6259,-92.1807,-0.400311,-0.916379
185.8,58.6769,-92.2155,0.0551715,-0.998477
185.9,58.7035,-92.2496,-0.223863,-0.974621
186,58.7418,-92.2608,-0.129392,-0.991593
186.1,58.76,-92.2823,-0.362498,-0.931984
186.2,58.7677,-92.3043,-0.467722,-0.883876
186.3,58.7682,-92.3232,-0.548591,-0.836091
186.4,58.7628,-92.3493,-0.558008,-0.829835
186.5,58.7877,-92.4151,-0.185191,-0.982702
186.6,58.7978,-92.4606,-0.357861,-0.933775
186.7,58.835,-92.482,-0.138794,-0.990321
186.8,58.8727,-92.4594,-0.327058,-0.945004
186.9,58.8967,-92.4331,-0.687755,-0.725943
187,58.891,-92.3944,-0.973204,-0.229944
187.1,58.8793,-92.3778,-0.862454,-0.506136
187.2,58.8775,-92.3587,-0.836485,-0.547989
187.3,58.879,-92.3464,-0.759863,-0.650083
187.4,58.8824,-92.3308,-0.775172,-0.63175
187.5,58.8773,-92.3334,-0.695275,-0.718744
187.6,58.8667,-92.3003,-0.95285,-0.303442
187.7,58.8774,-92.2985,-0.59217,-0.805813
187.8,58.8754,-92.3045,-0.649049,-0.760747
187.9,58.8891,-92.317,-0.463143,-0.886284
188,58.8868,-92.3144,-0.712286,-0.701889
188.1,58.9099,-92.3315,-0.333335,-0.942808
188.2,58.9322,-92.345,-0.361211,-0.932484
188.3,58.9684,-92.3449,-0.214007,-0.976832
188.4,58.9939,-92.3405,-0.428679,-0.903457
188.5,59.0009,-92.3286,-0.718488,-0.69554
188.6,59.0009,-92.2672,-0.978058,0.208332
188.7,59.0004,-92.2257,-0.979517,-0.201362
188.8,58.9984,-92.2092,-0.815356,-0.57896
188.9,58.9854,-92.2082,-0.767557,-0.640981
189,58.9955,-92.2181,-0.51797,-0.855399
189.1,59.0011,-92.2296,-0.552278,-0.83366
189.2,58.9615,-92.2231,-0.888154,-0.459546
189.3,58.9715,-92.2232,-0.585513,-0.810663
189.4,58.9731,-92.223,-0.664692,-0.747117
189.5,58.9737,-92.2622,-0.457402,-0.88926
189.6,58.9685,-92.2948,-0.530481,-0.847697
189.7,58.9355,-92.2859,-0.884339,-0.466846
189.8,58.9142,-92.2946,-0.751728,-0.659473
189.9,58.9196,-92.309,-0.536655,-0.843802
190,58.9047,-92.3042,-0.800486,-0.599351
190.1,58.8762,-92.2515,-0.999874,0.0159077
190.2,58.8458,-92.2247,-0.951874,-0.306489
190.3,58.8167,-92.226,-0.819368,-0.573268
190.4,58.7966,-92.2261,-0.789574,-0.613655
190.5,58.7801,-92.216,-0.833806,-0.552058
190.6,58.757,-92.2116,-0.826096,-0.56353
190.7,58.7478,-92.2551,-0.503509,-0.86399
190.8,58.752,-92.2505,-0.668099,-0.744072
190.9,58.7503,-92.2601,-0.617643,-0.786459
191,58.7941,-92.2905,-0.0361989,-0.999345
191.1,58.8499,-92.299,0.144303,-0.989534
191.2,58.8803,-92.3212,-0.220835,-0.975311
191.3,58.8953,-92.3116,-0.610555,-0.791974
191.4,58.8924,-92.3243,-0.615728,-0.787959
191.5,58.9384,-92.3473,-0.0177988,-0.999842
191.6,58.9636,-92.3843,-0.245008,-0.969521
191.7,58.9771,-92.4199,-0.367574,-0.929994
191.8,58.9875,-92.4605,-0.377362,-0.926066
191.9,59.0036,-92.4978,-0.340326,-0.940308
192,59.0491,-92.5756,-0.020593,-0.999788
192.1,59.0457,-92.6428,-0.403235,-0.915097
192.2,59.0416,-92.6794,-0.518849,-0.854866
192.3,59.087,-92.7223,-0.0350817,-0.999385
192.4,59.1796,-92.7483,0.497183,-0.867646
192.5,59.2403,-92.7805,0.138144,-0.990412
192.6,59.2828,-92.816,-0.0828508,-0.996562
192.7,59.3667,-92.879,0.290427,-0.956897
192.8,59.4441,-92.9332,0.255865,-0.966713
192.9,59.501,-92.9809,0.0670513,-0.99775
193,59.5478,-93.0235,-0.0435435,-0.999052
193.1,59.5738,-93.058,-0.290554,-0.956859
193.2,59.5843,-93.0948,-0.433488,-0.901159
193.3,59.6436,-93.1422,0.0844519,-0.996428
193.4,59.6706,-93.1867,-0.25829,-0.966067
193.5,59.693,-93.2283,-0.313683,-0.949528
193.6,59.6818,-93.2329,-0.774236,-0.632897
193.7,59.6562,-93.2302,-0.868711,-0.49532
193.8,59.6825,-93.181,-0.996606,0.0823173
193.9,59.6854,-93.1574,-0.901302,-0.433191
194,59.6728,-93.1542,-0.825455,-0.564469
194.1,59.6603,-93.1359,-0.911129,-0.412121
194.2,59.674,-93.0805,-0.977705,0.209984
194.3,59.6727,-93.0553,-0.921226,-0.389028
194.4,59.6616,-93.0549,-0.798642,-0.601806
194.5,59.6396,-93.0614,-0.805332,-0.592823
194.6,59.5983,-93.0632,-0.88209,-0.471081
194.7,59.561,-93.0692,-0.854948,-0.518713
194.8,59.5111,-93.06,-0.934292,-0.356508
194.9,59.4841,-93.0394,-0.943564,-0.331189
195,59.4583,-93.0415,-0.836956,-0.54727
195.1,59.3999,-93.0286,-0.95162,-0.307278
195.2,59.3345,-93.0653,-0.806815,-0.590804
195.3,59.2792,-93.0903,-0.821509,-0.570195
195.4,59.1924,-93.0916,-0.940275,-0.340414
195.5,59.12,-93.1114,-0.872882,-0.487932
195.6,59.0524,-93.181,-0.70515,-0.709058
195.7,58.9969,-93.24,-0.699797,-0.714341
195.8,58.9519,-93.2703,-0.768715,-0.639592
195.9,58.8664,-93.2714,-0.938298,-0.345827
196,58.8278,-93.2895,-0.796132,-0.605122
196.1,58.8376,-93.2948,-0.592255,-0.805751
196.2,58.88,-93.2909,-0.163579,-0.98653
196.3,58.9054,-93.2932,-0.432869,-0.901457
196.4,58.8935,-93.2941,-0.778821,-0.627247
196.5,58.8925,-93.3195,-0.566319,-0.824186
196.6,58.8481,-93.2982,-0.959685,-0.281079
196.7,58.8582,-93.2876,-0.719521,-0.694471
196.8,58.8829,-93.2766,-0.551641,-0.834082
196.9,58.893,-93.2744,-0.648076,-0.761576
197,58.8747,-93.2675,-0.850963,-0.525225
197.1,58.8146,-93.2296,-0.994832,-0.101538
197.2,58.8031,-93.1802,-0.999999,0.00135337
197.3,58.7965,-93.1543,-0.921296,-0.388863
197.4,58.7791,-93.1439,-0.861559,-0.507658
197.5,58.78,-93.1667,-0.555598,-0.831451
197.6,58.7353,-93.1441,-0.960932,-0.276785
197.7,58.7231,-93.0835,-0.985057,0.17223
197.8,58.7013,-93.0721,-0.878059,-0.478553
197.9,58.6902,-93.0542,-0.880426,-0.474183
198,58.6862,-92.9869,-0.951189,0.30861
198.1,58.6655,-92.9264,-0.989594,0.14389
198.2,58.639,-92.8795,-0.998743,-0.0501323
198.3,58.611,-92.8451,-0.977704,-0.20999
198.4,58.577,-92.8234,-0.941764,-0.336273
198.5,58.5608,-92.7669,-0.996569,0.0827671
198.6,58.5111,-92.7534,-0.93195,-0.362587
198.7,58.544,-92.6814,-0.580215,0.814463
198.8,58.5146,-92.6396,-0.992056,-0.125794
198.9,58.4848,-92.6071,-0.969839,-0.243748
199,58.4232,-92.5339,-0.981311,0.192427
199.1,58.3621,-92.5106,-0.965419,-0.260704
199.2,58.3371,-92.5088,-0.814997,-0.579466
199.3,58.3181,-92.5071,-0.788228,-0.615383
199.4,58.3096,-92.5303,-0.5847,-0.811249
199.5,58.2591,-92.5263,-0.893292,-0.449476
199.6,58.2435,-92.5582,-0.588657,-0.808383
199.7,58.2554,-92.6317,-0.260483,-0.965479
199.8,58.3089,-92.7331,0.0469384,-0.998898
199.9,58.4088,-92.8089,0.383463,-0.923556
200,58.4514,-92.9213,-0.0285957,-0.999591
200.1,58.5381,-93.0164,0.25784,-0.966188
200.2,58.6526,-93.0993,0.444193,-0.895931
200.3,58.7323,-93.1705,0.247123,-0.968984
200.4,58.769,-93.2164,-0.130247,-0.991482
200.5,58.8188,-93.2266,0.00600965,-0.999982
200.6,58.8277,-93.2656,-0.418268,-0.908324
200.7,58.7987,-93.272,-0.816665,-0.577112
200.8,58.7704,-93.2665,-0.87253,-0.488561
200.9,58.7341,-93.2778,-0.816403,-0.577482
201,58.7385,-93.3183,-0.448687,-0.893689
201.1,58.7367,-93.3114,-0.771267,-0.636511
201.2,58.7038,-93.3463,-0.699411,-0.71472
201.3,58.7176,-93.3993,-0.330758,-0.943716
201.4,58.7193,-93.449,-0.437885,-0.899031
201.5,58.7708,-93.5027,0.0150124,-0.999887
201.6,58.7826,-93.5579,-0.347207,-0.937788
201.7,58.8376,-93.5881,0.0577427,-0.998332
201.8,58.9338,-93.6193,0.496981,-0.867762
201.9,58.9994,-93.6375,0.215915,-0.976412
202,59.0872,-93.6463,0.54247,-0.840075
202.1,59.142,-93.6729,0.0441814,-0.999023
202.2,59.199,-93.6968,0.0744232,-0.997227
202.3,59.2467,-93.7137,-0.0679592,-0.997688
202.4,59.3555,-93.708,0.810332,-0.58597
202.5,59.4256,-93.7253,0.268302,-0.963335
202.6,59.4685,-93.7534,-0.129896,-0.991528
202.7,59.5079,-93.7816,-0.177425,-0.984134
202.8,59.5945,-93.8263,0.348885,-0.937166
202.9,59.6359,-93.8496,-0.170117,-0.985424
203,59.6533,-93.8769,-0.445572,-0.895246
203.1,59.6445,-93.9085,-0.631128,-0.775679
203.2,59.5975,-93.9078,-0.915236,-0.402919
203.3,59.5079,-93.8809,-0.991984,-0.12636
203.4,59.4403,-93.885,-0.925366,-0.379074
203.5,59.3837,-93.8972,-0.884477,-0.466584
203.6,59.3204,-93.9505,-0.761388,-0.648296
203.7,59.2451,-93.9552,-0.930474,-0.366358
203.8,59.1666,-93.9432,-0.968157,-0.250343
203.9,59.0915,-93.9472,-0.930597,-0.366045
204,59.0059,-93.9026,-0.99992,-0.0126844
204.1,58.9072,-93.8534,-0.999873,0.0159445
204.2,58.8875,-93.7641,-0.861436,0.507866
204.3,58.891,-93.6891,-0.867658,0.497161
204.4,58.883,-93.6347,-0.993849,0.11074
204.5,58.9122,-93.6003,-0.847956,-0.530066
204.6,58.8424,-93.5658,-0.993807,-0.111121
204.7,58.7107,-93.5803,-0.945512,-0.325588
204.8,58.6862,-93.5957,-0.759692,-0.650283
204.9,58.7057,-93.5535,-0.978685,-0.205366
205,58.7929,-93.4825,0.8575,0.514485
205.1,58.845,-93.4426,0.8575,0.514485
205.2,58.8658,-93.4263,-0.672372,-0.740213
205.3,58.8733,-93.44,-0.566242,-0.824239
205.4,58.8459,-93.4194,-0.940778,-0.339024
205.5,58.8136,-93.4486,-0.727371,-0.686245
205.6,58.8085,-93.46,-0.676754,-0.736209
205.7,58.8268,-93.4668,-0.498541,-0.866866
205.8,58.856,-93.4545,-0.502611,-0.864512
205.9,58.8671,-93.4615,-0.577969,-0.816058
206,58.8734,-93.4723,-0.595793,-0.803138
206.1,58.8858,-93.4899,-0.498773,-0.866732
206.2,58.9238,-93.5005,-0.209546,-0.977799
206.3,58.9642,-93.467,-0.566249,-0.824234
206.4,58.9832,-93.4616,-0.59576,-0.803162
206.5,58.9914,-93.456,-0.706323,-0.707889
206.6,58.9864,-93.4722,-0.65465,-0.755932
206.7,58.9672,-93.4404,-0.973595,-0.228281
206.8,58.9706,-93.4048,-0.965158,-0.261666
206.9,58.9786,-93.4072,-0.64254,-0.766252
207,59.0093,-93.3801,-0.681575,-0.731748
207.1,59.0227,-93.3704,-0.693618,-0.720343
207.2,59.0362,-93.3561,-0.735511,-0.677513
207.3,59.0337,-93.3543,-0.751716,-0.659487
207.4,59.0283,-93.3587,-0.727706,-0.685889
207.5,59.0477,-93.2904,-0.843381,0.537317
207.6,59.0447,-93.2348,-0.991492,0.130169
207.7,59.0302,-93.204,-0.964124,-0.265451
207.8,59.0101,-93.1861,-0.914664,-0.404215
207.9,59.0153,-93.2115,-0.516908,-0.856041
208,59.0042,-93.2018,-0.842672,-0.538427
208.1,58.9922,-93.1979,-0.808857,-0.588005
208.2,58.9682,-93.186,-0.894275,-0.447518
208.3,58.9627,-93.2205,-0.55277,-0.833334
208.4,59.0066,-93.2626,-0.0669148,-0.997759
208.5,59.0601,-93.2399,0.124887,-0.992171
208.6,59.0913,-93.2312,-0.432424,-0.901671
208.7,59.1,-93.2394,-0.591305,-0.806448
208.8,59.1104,-93.2184,-0.823596,-0.567177
208.9,59.1101,-93.223,-0.689316,-0.724461
209,59.1333,-93.2463,-0.354465,-0.935069
209.1,59.1513,-93.2683,-0.42012,-0.907468
209.2,59.1702,-93.2998,-0.369184,-0.929356
209.3,59.1437,-93.3105,-0.795419,-0.606059
209.4,59.103,-93.2733,-0.992836,-0.119484
209.5,59.0692,-93.2155,-0.993915,0.110154
209.6,59.0398,-93.1706,-0.998874,-0.0474474
209.7,59.021,-93.1123,-0.990887,0.134692
209.8,59.0178,-93.0514,-0.976301,0.216415
209.9,59.0027,-93.005,-0.999032,-0.043986
210,58.9822,-92.9878,-0.908092,-0.418771
210.1,58.9811,-92.9938,-0.672725,-0.739893
210.2,58.9661,-92.997,-0.773193,-0.634171
210.3,58.9518,-93.0189,-0.664986,-0.746856
210.4,58.9359,-92.9909,-0.949718,-0.313106
210.5,58.9204,-92.966,-0.933577,-0.358376
210.6,58.9134,-92.9236,-0.991524,-0.129926
210.7,58.8978,-92.9013,-0.919642,-0.392758
210.8,58.8773,-92.8818,-0.914953,-0.403561
210.9,58.8612,-92.8485,-0.967944,-0.251167
211,58.8399,-92.8139,-0.975814,-0.2186
211.1,58.8096,-92.7903,-0.946535,-0.322602
211.2,58.7804,-92.7753,-0.909025,-0.416742
211.3,58.7467,-92.7737,-0.857915,-0.513791
211.4,58.7204,-92.7912,-0.737004,-0.675888
211.5,58.7299,-92.8436,-0.350342,-0.936622
211.6,58.7352,-92.8461,-0.628646,-0.777691
211.7,58.7257,-92.8432,-0.771437,-0.636306
211.8,58.7041,-92.8585,-0.727429,-0.686183
211.9,58.6759,-92.874,-0.75561,-0.655022
212,58.6437,-92.9,-0.72345,-0.690377
212.1,58.6442,-92.9639,-0.384265,-0.923223
212.2,58.6055,-93.0208,-0.629683,-0.776852
212.3,58.5451,-93.0761,-0.716637,-0.697446
212.4,58.5327,-93.1172,-0.552923,-0.833233
212.5,58.4772,-93.1835,-0.665249,-0.746621
212.6,58.4689,-93.2661,-0.39278,-0.919632
212.7,58.426,-93.3125,-0.687818,-0.725884
212.8,58.4239,-93.3879,-0.375307,-0.9269
212.9,58.3911,-93.4401,-0.624292,-0.781191
213,58.3083,-93.4901,-0.796677,-0.604405
213.1,58.2736,-93.5539,-0.591732,-0.806134
213.2,58.2744,-93.5824,-0.523544,-0.851999
213.3,58.2628,-93.5314,-0.999823,0.0188348
213.4,58.2481,-93.4563,-0.930763,0.365622
213.5,58.2615,-93.4187,-0.939798,-0.34173
213.6,58.2473,-93.4229,-0.754405,-0.656409
213.7,58.2572,-93.4708,-0.365331,-0.930878
213.8,58.2937,-93.4991,-0.153095,-0.988211
213.9,58.3709,-93.4982,0.498143,-0.867095
214,58.3736,-93.5522,-0.407735,-0.9131
214.1,58.3972,-93.6217,-0.211003,-0.977485
214.2,58.4455,-93.6478,-0.0159411,-0.999873
214.3,58.4471,-93.6132,-0.957107,-0.289734
214.4,58.4498,-93.5639,-0.999999,-0.001529
214.5,58.4083,-93.5479,-0.938812,-0.34443
214.6,58.3225,-93.5768,-0.8645,-0.502634
214.7,58.2754,-93.5331,-0.998019,-0.0629073
214.8,58.3084,-93.4494,-0.428045,0.903758
214.9,58.3127,-93.3941,-0.993542,0.113463
215,58.2956,-93.3524,-0.991419,-0.130721
215.1,58.2981,-93.3067,-0.994773,-0.102108
215.2,58.2922,-93.2849,-0.882445,-0.470416
215.3,58.3282,-93.2818,-0.24948,-0.96838
215.4,58.3497,-93.286,-0.440056,-0.89797
215.5,58.3428,-93.3,-0.651218,-0.758891
215.6,58.3668,-93.31,-0.374128,-0.927377
215.7,58.3685,-93.3325,-0.540586,-0.841289
215.8,58.4134,-93.3802,-0.0380726,-0.999275
215.9,58.4421,-93.43,-0.197862,-0.98023
216,58.4426,-93.4598,-0.520868,-0.853637
216.1,58.3983,-93.4841,-0.783837,-0.620967
216.2,58.3854,-93.519,-0.59064,-0.806935
216.3,58.4061,-93.5607,-0.297038,-0.954866
216.4,58.4241,-93.5887,-0.375515,-0.926816
216.5,58.4441,-93.6112,-0.379477,-0.925201
216.6,58.462,-93.6029,-0.612854,-0.790196
216.7,58.4936,-93.625,-0.245115,-0.969494
216.8,58.5061,-93.6621,-0.39713,-0.917762
216.9,58.5283,-93.6601,-0.51011,-0.860109
217,58.5287,-93.6782,-0.59477,-0.803896
217.1,58.5326,-93.7039,-0.526101,-0.850422
217.2,58.5252,-93.7783,-0.423436,-0.905926
217.3,58.5629,-93.8311,-0.12414,-0.992265
217.4,58.5521,-93.8957,-0.478222,-0.878239
217.5,58.5888,-93.9449,-0.14354,-0.989644
217.6,58.6511,-94.0168,0.0935503,-0.995615
217.7,58.7391,-94.0458,0.432052,-0.901849
217.8,58.7846,-94.0863,-0.0713828,-0.997449
217.9,58.8351,-94.1298,-0.017382,-0.999849
218,58.8744,-94.1681,-0.1504,-0.988625
218.1,58.8781,-94.2125,-0.474034,-0.880507
218.2,58.8396,-94.2299,-0.819976,-0.572398
218.3,58.8238,-94.2635,-0.651175,-0.758928
218.4,58.8244,-94.3225,-0.443132,-0.896456
218.5,58.8218,-94.387,-0.448656,-0.893705
218.6,58.8337,-94.4036,-0.549797,-0.835298
218.7,58.8239,-94.4307,-0.653796,-0.756671
218.8,58.794,-94.4453,-0.809782,-0.58673
218.9,58.7592,-94.4319,-0.938912,-0.344157
219,58.7281,-94.457,-0.764692,-0.644396
219.1,58.6912,-94.4724,-0.826642,-0.562728
219.2,58.6994,-94.5092,-0.475627,-0.879647
219.3,58.6678,-94.5158,-0.8509,-0.525329
219.4,58.6545,-94.4759,-0.996172,-0.0874158
219.5,58.643,-94.4859,-0.754168,-0.656682
219.6,58.582,-94.4892,-0.917812,-0.397015
219.7,58.5136,-94.4558,-0.994503,-0.104711
219.8,58.4476,-94.4714,-0.885991,-0.463703
219.9,58.3878,-94.4373,-0.993866,-0.110587
220,58.448,-94.3905,-0.993866,-0.110587
220.1,58.4949,-94.3632,-0.252049,-0.967714
220.2,58.5306,-94.3652,-0.317173,-0.948368
220.3,58.5059,-94.3614,-0.873247,-0.487278
220.4,58.4792,-94.3853,-0.74464,-0.667466
220.5,58.4632,-94.3371,-0.999779,0.0210382
220.6,58.4424,-94.2853,-0.997768,0.0667729
220.7,58.3923,-94.3043,-0.838072,-0.54556
220.8,58.3874,-94.2757,-0.949264,-0.31448
220.9,58.4218,-94.2781,-0.325159,-0.945659
221,58.4897,-94.2302,0.999397,0.0347102
221.1,58.5394,-94.214,-0.061075,-0.998133
221.2,58.5742,-94.225,-0.279803,-0.960057
221.3,58.6014,-94.2196,-0.50912,-0.860696
221.4,58.6416,-94.1679,-0.50912,-0.860696
221.5,58.6689,-94.1497,-0.650886,-0.759175
221.6,58.6823,-94.1464,-0.660245,-0.75105
221.7,58.6861,-94.158,-0.635472,-0.772124
221.8,58.7036,-94.178,-0.457003,-0.889465
221.9,58.6891,-94.2084,-0.653503,-0.756924
222,58.6341,-94.2093,-0.913589,-0.406638
222.1,58.5865,-94.1756,-0.991266,-0.131881
222.2,58.5634,-94.2003,-0.722043,-0.691848
222.3,58.5656,-94.1818,-0.865414,-0.501058
222.4,58.6214,-94.1652,0.134507,-0.990913
222.5,58.6512,-94.164,-0.433265,-0.901266
222.6,58.6569,-94.1577,-0.750063,-0.661366
222.7,58.6612,-94.1666,-0.647761,-0.761843
222.8,58.6855,-94.1609,-0.556766,-0.830669
222.9,58.6801,-94.1589,-0.787027,-0.616919
223,58.6503,-94.1819,-0.760302,-0.64957
223.1,58.6695,-94.1947,-0.480155,-0.877183
223.2,58.6455,-94.2064,-0.792676,-0.609643
223.3,58.5923,-94.2081,-0.908,-0.418971
223.4,58.5968,-94.1987,-0.782703,-0.622395
223.5,58.6087,-94.1657,-0.943578,-0.33115
223.6,58.5803,-94.1623,-0.877871,-0.478897
223.7,58.5626,-94.1656,-0.808509,-0.588484
223.8,58.5903,-94.1897,-0.317407,-0.948289
223.9,58.6493,-94.2175,0.094533,-0.995522
224,58.7009,-94.2456,-0.00571059,-0.999984
224.1,58.7374,-94.2736,-0.205932,-0.978566
224.2,58.7477,-94.2906,-0.554211,-0.832376
224.3,58.7682,-94.2748,-0.724312,-0.689473
224.4,58.7667,-94.2788,-0.731663,-0.681667
224.5,58.7963,-94.2739,-0.484182,-0.874967
224.6,58.7901,-94.2861,-0.70983,-0.704373
224.7,58.7791,-94.3149,-0.646457,-0.76295
224.8,58.744,-94.3166,-0.878373,-0.477976
224.9,58.6947,-94.2703,-1,0.00084822
225,58.6701,-94.2487,-0.951503,-0.307639
225.1,58.6186,-94.1959,-0.99826,0.0589618
225.2,58.5449,-94.1879,-0.955021,-0.296537
225.3,58.4709,-94.1299,-0.996362,0.0852191
225.4,58.3772,-94.1179,-0.971058,-0.238845
225.5,58.3303,-94.1237,-0.876604,-0.481213
225.6,58.3137,-94.1509,-0.667573,-0.744545
225.7,58.2393,-94.1502,-0.935569,-0.353145
225.8,58.1452,-94.1954,-0.839982,-0.542614
225.9,58.099,-94.2549,-0.667167,-0.744908
226,58.0936,-94.3107,-0.474151,-0.880443
226.1,58.0677,-94.3309,-0.745503,-0.666503
226.2,58.0516,-94.3346,-0.790081,-0.613002
226.3,58.0854,-94.333,-0.340336,-0.940304
226.4,58.1142,-94.3177,-0.555583,-0.831461
226.5,58.1671,-94.296,0.0755013,-0.997146
226.6,58.1982,-94.2947,-0.389605,-0.920982
226.7,58.2296,-94.3188,-0.263004,-0.964795
226.8,58.3108,-94.3692,0.292105,-0.956386
226.9,58.3423,-94.4137,-0.213204,-0.977008
227,58.3176,-94.482,-0.552242,-0.833684
227.1,58.2217,-94.5289,-0.844374,-0.535754
227.2,58.1659,-94.5461,-0.858386,-0.513005
227.3,58.2085,-94.5401,-0.215348,-0.976537
227.4,58.2286,-94.5614,-0.421047,-0.907039
227.5,58.2017,-94.5998,-0.678405,-0.734689
227.6,58.19,-94.6858,-0.431996,-0.901875
227.7,58.2254,-94.7551,-0.143575,-0.989639
227.8,58.2072,-94.813,-0.56177,-0.827293
227.9,58.1002,-94.85,-0.887113,-0.461552
228,58.0585,-94.8602,-0.857294,-0.514827
228.1,58.0298,-94.8914,-0.722122,-0.691766
228.2,58.0485,-94.9364,-0.346257,-0.93814
228.3,58.0614,-94.9781,-0.412086,-0.911145
228.4,58.0242,-95.0207,-0.712714,-0.701455
228.5,57.9952,-95.0482,-0.74401,-0.668169
228.6,57.9517,-94.9714,-0.952292,0.305189
228.7,57.958,-94.8497,-0.521665,0.85315
228.8,57.998,-94.7722,-0.368321,0.929699
228.9,58.0423,-94.7323,-0.368321,0.929699
229,58.0508,-94.6925,-0.986579,-0.163286
229.1,58.0768,-94.6561,-0.924966,-0.38005
229.2,58.1107,-94.6896,-0.217076,-0.976155
229.3,58.1141,-94.7381,-0.454164,-0.890918
229.4,58.1428,-94.7324,-0.496742,-0.867898
229.5,58.1572,-94.6961,-0.96494,-0.26247
229.6,58.1608,-94.6795,-0.84975,-0.527186
229.7,58.1675,-94.64,-0.987641,-0.156734
229.8,58.1685,-94.6154,-0.915846,-0.401529
229.9,58.1444,-94.6002,-0.922964,-0.384887
230,58.1466,-94.5894,-0.807164,-0.590327
230.1,58.1451,-94.5984,-0.688433,-0.7253
230.2,58.1087,-94.6006,-0.873256,-0.487262
230.3,58.0546,-94.6496,-0.740162,-0.672429
230.4,58.0314,-94.6592,-0.796339,-0.60485
230.5,58.1441,-94.6567,0.807286,-0.59016
230.6,58.2361,-94.6965,0.418946,-0.908011
230.7,58.2751,-94.7403,-0.146996,-0.989137
230.8,58.3228,-94.7087,-0.318716,-0.94785
230.9,58.342,-94.6361,-0.784023,0.620732
231,58.353,-94.5823,-0.98416,0.177282
231.1,58.3552,-94.5332,-0.99872,0.050576
231.2,58.341,-94.5208,-0.888801,-0.458294
231.3,58.2949,-94.549,-0.794923,-0.606711
231.4,58.2175,-94.5953,-0.812057,-0.583579
231.5,58.1325,-94.691,-0.692975,-0.720962
231.6,58.0548,-94.7658,-0.729862,-0.683594
231.7,58.0538,-94.7642,-0.76121,-0.648505
231.8,58.0661,-94.7657,-0.635531,-0.772076
231.9,58.0298,-94.7556,-0.923838,-0.382784
232,58.0434,-94.7471,-0.706868,-0.707345
232.1,57.9954,-94.738,-0.935529,-0.353249
232.2,57.9941,-94.711,-0.935573,-0.353133
232.3,57.9657,-94.6555,-0.994631,0.103482
232.4,57.9786,-94.572,-0.730294,0.683133
232.5,57.9569,-94.5246,-0.999994,-0.00341523
232.6,57.966,-94.5122,-0.762232,-0.647303
232.7,57.9537,-94.4991,-0.876338,-0.481696
232.8,57.9595,-94.466,-0.949077,-0.315043
232.9,57.9332,-94.4594,-0.880411,-0.474211
233,57.9398,-94.444,-0.802991,-0.595991
233.1,57.9413,-94.4611,-0.601183,-0.799111
233.2,57.8951,-94.493,-0.771072,-0.636748
233.3,57.8155,-94.4873,-0.950602,-0.310414
233.4,57.7735,-94.4565,-0.982146,-0.188118
233.5,57.7001,-94.4017,-0.998792,0.0491381
233.6,57.6668,-94.3169,-0.919384,0.393361
233.7,57.6624,-94.2548,-0.973682,0.227912
233.8,57.6911,-94.23,-0.633783,-0.773511
233.9,57.6932,-94.218,-0.781387,-0.624047
234,57.6752,-94.2339,-0.715163,-0.698958
234.1,57.6169,-94.2202,-0.947905,-0.318554
234.2,57.6068,-94.1934,-0.931102,-0.36476
234.3,57.6494,-94.1926,-0.12531,-0.992118
234.4,57.713,-94.1475,0.947699,-0.319165
234.5,57.7521,-94.1308,-0.286783,-0.957996
234.6,57.7797,-94.1228,-0.45689,-0.889523
234.7,57.7895,-94.132,-0.554367,-0.832272
234.8,57.8386,-94.1103,-0.00809454,-0.999967
234.9,57.8645,-94.1054,-0.462966,-0.886376
235,57.8803,-94.1015,-0.592855,-0.805309
235.1,57.8854,-94.1334,-0.477423,-0.878674
235.2,57.8408,-94.1443,-0.841966,-0.53953
235.3,57.8124,-94.2025,-0.585911,-0.810375
235.4,57.7772,-94.2112,-0.824589,-0.565732
235.5,57.7908,-94.2308,-0.460491,-0.887664
235.6,57.832,-94.2086,-0.292716,-0.956199
235.7,57.8569,-94.2071,-0.458874,-0.888501
235.8,57.8616,-94.2237,-0.564068,-0.825728
235.9,57.8289,-94.2072,-0.929695,-0.36833
236,57.7869,-94.1853,-0.957723,-0.287692
236.1,57.7512,-94.213,-0.740297,-0.67228
236.2,57.7059,-94.2274,-0.828382,-0.560163
236.3,57.6444,-94.1945,-0.988658,-0.150187
236.4,57.6037,-94.2071,-0.819973,-0.572402
236.5,57.6073,-94.1926,-0.786635,-0.617418
236.6,57.5965,-94.1604,-0.957684,-0.287822
236.7,57.5895,-94.1544,-0.782934,-0.622105
236.8,57.6091,-94.1907,-0.318006,-0.948089
236.9,57.5899,-94.1956,-0.777964,-0.628309
237,57.5942,-94.1563,-0.971118,-0.238602
237.1,57.5905,-94.138,-0.853314,-0.521398
237.2,57.5701,-94.1562,-0.709496,-0.704709
237.3,57.6011,-94.1747,-0.247872,-0.968793
237.4,57.6025,-94.1739,-0.691615,-0.722267
237.5,57.6031,-94.1789,-0.658212,-0.752833
237.6,57.6478,-94.1605,-0.126883,-0.991918
237.7,57.675,-94.1538,-0.447709,-0.894179
237.8,57.6802,-94.1576,-0.629841,-0.776724
237.9,57.6772,-94.1535,-0.750029,-0.661405
238,57.6582,-94.1966,-0.589107,-0.808055
238.1,57.6117,-94.1897,-0.911802,-0.41063
238.2,57.5412,-94.2189,-0.832906,-0.553414
238.3,57.4957,-94.2355,-0.815059,-0.579378
238.4,57.4875,-94.2853,-0.494111,-0.869399
238.5,57.4808,-94.3112,-0.588724,-0.808334
238.6,57.4646,-94.288,-0.923636,-0.383272
238.7,57.4705,-94.2983,-0.57586,-0.817549
238.8,57.4904,-94.2902,-0.565392,-0.824822
238.9,57.5138,-94.2804,-0.532507,-0.846426
239,57.5146,-94.2738,-0.740228,-0.672356
239.1,57.5156,-94.2897,-0.586415,-0.81001
239.2,57.505,-94.2569,-0.959991,-0.280032
239.3,57.5082,-94.2498,-0.725607,-0.688109
239.4,57.5156,-94.2582,-0.576075,-0.817397
239.5,57.4978,-94.261,-0.781724,-0.623625
239.6,57.4465,-94.2979,-0.753743,-0.65717
239.7,57.4084,-94.2886,-0.904006,-0.42752
239.8,57.3751,-94.3291,-0.668976,-0.743284
239.9,57.3705,-94.4105,-0.37372,-0.927542
240,57.3407,-94.4486,-0.664235,-0.747524
240.1,57.3609,-94.4873,-0.3059,-0.952064
240.2,57.411,-94.5304,0.012113,-0.999927
240.3,57.4209,-94.5437,-0.530228,-0.847855
240.4,57.4423,-94.5662,-0.362116,-0.932133
240.5,57.4624,-94.5679,-0.498649,-0.866804
240.6,57.4388,-94.5888,-0.720956,-0.692981
240.7,57.3676,-94.5944,-0.910118,-0.41435
240.8,57.3171,-94.5822,-0.936427,-0.350861
240.9,57.3154,-94.5326,-0.999988,-0.00483391
241,57.3151,-94.507,-0.896504,-0.443036
241.1,57.3204,-94.5046,-0.674092,-0.738647
241.2,57.3349,-94.4664,-0.945177,-0.32656
241.3,57.3646,-94.45,-0.493661,-0.869654
241.4,57.3714,-94.4421,-0.706295,-0.707917
241.5,57.3632,-94.4073,-0.965769,-0.259405
241.6,57.3734,-94.4,-0.667195,-0.744883
241.7,57.3725,-94.393,-0.753567,-0.657371
241.8,57.3869,-94.4337,-0.353893,-0.935286
241.9,57.4027,-94.4457,-0.469579,-0.88289
242,57.4841,-94.4246,0.746096,-0.665839
242.1,57.5563,-94.4119,0.526692,-0.850056
242.2,57.6023,-94.3935,-0.107992,-0.994152
242.3,57.6248,-94.3932,-0.480306,-0.877101
242.4,57.6617,-94.4045,-0.204027,-0.978965
242.5,57.7402,-94.4211,0.400312,-0.916379
242.6,57.7946,-94.4415,0.0628444,-0.998023
242.7,57.8059,-94.4551,-0.530654,-0.847588
242.8,57.8221,-94.4719,-0.462156,-0.886799
242.9,57.8023,-94.4601,-0.886152,-0.463394
243,57.763,-94.4022,-0.99474,0.102428
243.1,57.7223,-94.3665,-0.989581,-0.143977
243.2,57.7028,-94.3568,-0.868629,-0.495462
243.3,57.6989,-94.3946,-0.524111,-0.85165
243.4,57.6452,-94.4275,-0.783605,-0.62126
243.5,57.6143,-94.4498,-0.747548,-0.664207
243.6,57.5719,-94.3874,-0.989968,0.14129
243.7,57.5644,-94.3574,-0.94501,-0.327041
243.8,57.557,-94.3571,-0.753464,-0.657489
243.9,57.5543,-94.4066,-0.463371,-0.886164
244,57.5205,-94.4641,-0.61346,-0.789726
244.1,57.5135,-94.5609,-0.35965,-0.933087
244.2,57.4398,-94.6241,-0.739097,-0.673599
244.3,57.4066,-94.6581,-0.706081,-0.708131
244.4,57.3636,-94.7048,-0.694197,-0.719785
244.5,57.3345,-94.6621,-0.996584,-0.0825862
244.6,57.2724,-94.6549,-0.934902,-0.354906
244.7,57.2537,-94.6229,-0.967542,-0.252709
244.8,57.2013,-94.6279,-0.879629,-0.475661
244.9,57.146,-94.5856,-0.997202,-0.0747573
245,57.1333,-94.5697,-0.871817,-0.489832
245.1,57.1097,-94.5965,-0.682335,-0.73104
245.2,57.0866,-94.6576,-0.539336,-0.84209
245.3,57.0373,-94.6762,-0.817465,-0.575979
245.4,57.0139,-94.7063,-0.666051,-0.745906
245.5,56.9627,-94.6956,-0.928834,-0.370496
245.6,56.9912,-94.6702,-0.616418,-0.787419
245.7,57.0516,-94.7439,0.0960597,-0.995376
245.8,57.0645,-94.8145,-0.284597,-0.958647
245.9,57.1267,-94.8765,0.116455,-0.993196
246,57.1344,-94.9645,-0.291074,-0.956701
246.1,57.0838,-95.0448,-0.612843,-0.790205
246.2,57.1012,-95.1465,-0.210934,-0.9775
246.3,57.1027,-95.2159,-0.382821,-0.923823
246.4,57.1373,-95.3053,-0.115608,-0.993295
246.5,57.0944,-95.3984,-0.554763,-0.832009
246.6,57.0766,-95.4311,-0.651244,-0.758868
246.7,57.1341,-95.5047,0.0513758,-0.998679
246.8,57.1444,-95.5651,-0.359482,-0.933152
246.9,57.2001,-95.5985,0.0456428,-0.998958
247,57.256,-95.5827,0.117078,-0.993123
247.1,57.2737,-95.5737,-0.681026,-0.73226
247.2,57.2397,-95.6574,-0.553655,-0.832746
247.3,57.1929,-95.6987,-0.751218,-0.660055
247.4,57.1945,-95.7278,-0.561291,-0.827618
247.5,57.2176,-95.7561,-0.370875,-0.928683
247.6,57.1902,-95.7778,-0.76541,-0.643542
247.7,57.1668,-95.836,-0.591795,-0.806089
247.8,57.1892,-95.8707,-0.356357,-0.93435
247.9,57.2391,-95.8645,-0.0860768,-0.996288
248,57.3106,-95.8425,0.611909,-0.790928
248.1,57.3508,-95.8413,-0.289977,-0.957034
248.2,57.4401,-95.8496,0.557266,-0.830334
248.3,57.5179,-95.8322,0.659045,-0.752104
248.4,57.5793,-95.8488,0.118249,-0.992984
248.5,57.6311,-95.8163,0.118249,-0.992984
248.6,57.6616,-95.8116,-0.51809,-0.855326
248.7,57.6745,-95.8299,-0.554983,-0.831861
248.8,57.686,-95.8423,-0.608246,-0.793749
248.9,57.68,-95.8447,-0.795322,-0.606187
249,57.6781,-95.8561,-0.716017,-0.698083
249.1,57.6873,-95.8267,-0.953517,-0.301339
249.2,57.7758,-95.7943,0.947362,-0.320166
249.3,57.8595,-95.8117,0.429722,-0.902961
249.4,57.9802,-95.7954,0.925022,-0.379913
249.5,58.0683,-95.7729,0.847785,-0.53034
249.6,58.1221,-95.7612,-0.0511267,-0.998692
249.7,58.1495,-95.7542,-0.618334,-0.785916
249.8,58.1589,-95.7537,-0.739612,-0.673034
249.9,58.1537,-95.7439,-0.8802,-0.474602
250,58.1612,-95.7825,-0.509238,-0.860626
250.1,58.1226,-95.8404,-0.684594,-0.728925
250.2,58.0634,-95.8404,-0.938595,-0.345022
250.3,58.0309,-95.8827,-0.720813,-0.693129
250.4,58.0204,-95.9595,-0.48526,-0.87437
250.5,57.9694,-96.0184,-0.72672,-0.686934
250.6,57.9682,-96.054,-0.593666,-0.804712
250.7,57.9941,-96.1315,-0.245084,-0.969502
250.8,58.0399,-96.1769,-0.120977,-0.992655
250.9,58.0488,-96.2165,-0.509812,-0.860286
251,58.0271,-96.2418,-0.765014,-0.644014
251.1,57.9667,-96.2897,-0.797581,-0.603212
251.2,57.9214,-96.3048,-0.877413,-0.479735
251.3,57.9352,-96.3226,-0.591738,-0.80613
251.4,58.0057,-96.3751,0.144209,-0.989547
251.5,58.054,-96.3829,-0.185094,-0.982721
251.6,58.0719,-96.4062,-0.528971,-0.84864
251.7,58.1259,-96.4167,-0.0702123,-0.997532
251.8,58.1471,-96.4692,-0.368263,-0.929722
251.9,58.1275,-96.4928,-0.776437,-0.630195
252,58.1576,-96.5116,-0.432329,-0.901716
252.1,58.1377,-96.513,-0.887661,-0.460498
252.2,58.1387,-96.5261,-0.737489,-0.675359
252.3,58.146,-96.4697,-0.946086,0.323916
252.4,58.1494,-96.4631,-0.85732,-0.514784
252.5,58.1566,-96.487,-0.626097,-0.779745
252.6,58.1158,-96.4968,-0.895793,-0.444471
252.7,58.0307,-96.5301,-0.891803,-0.452423
252.8,58.0329,-96.6317,-0.367281,-0.93011
252.9,58.0823,-96.732,-0.0630936,-0.998008
253,58.0365,-96.7942,-0.720748,-0.693197
253.1,57.9495,-96.7844,-0.981731,-0.190273
253.2,57.8871,-96.7908,-0.937748,-0.347316
253.3,57.8486,-96.7562,-0.999145,-0.0413328
253.4,57.891,-96.7296,-0.791514,-0.611152
253.5,57.9185,-96.7181,-0.745414,-0.666601
253.6,57.9056,-96.6727,-0.99573,0.092309
253.7,57.8741,-96.6238,-0.9941,0.108466
253.8,57.8473,-96.567,-0.979571,0.201097
253.9,57.8612,-96.5254,-0.999173,0.0406504
254,57.8283,-96.5013,-0.98484,-0.173466
254.1,57.7763,-96.4891,-0.968463,-0.249158
254.2,57.7572,-96.4521,-0.999004,-0.0446284
254.3,57.7849,-96.4285,-0.862962,-0.505269
254.4,57.7784,-96.4339,-0.808822,-0.588053
254.5,57.7513,-96.4197,-0.953341,-0.301895
254.6,57.7276,-96.4193,-0.893463,-0.449138
254.7,57.7197,-96.3636,-0.975084,0.221838
254.8,57.7449,-96.2795,-0.589919,0.807462
254.9,57.7363,-96.244,-0.995619,-0.0935012
255,57.7165,-96.1893,-0.98591,0.167275
255.1,57.6991,-96.1712,-0.950418,-0.310977
255.2,57.7101,-96.2034,-0.515278,-0.857023
255.3,57.6877,-96.1984,-0.903795,-0.427966
255.4,57.717,-96.1648,-0.951614,-0.307295
255.5,57.7813,-96.1916,0.12142,-0.992601
255.6,57.892,-96.2369,0.531028,-0.847355
255.7,57.9605,-96.2567,0.192735,-0.981251
255.8,57.9889,-96.3106,-0.287118,-0.957895
255.9,58.0981,-96.324,0.694375,-0.719613
256,58.215,-96.2707,0.976491,0.215559
256.1,58.2874,-96.2383,0.892335,-0.451374
256.2,58.3258,-96.2236,-0.603588,-0.797296
256.3,58.347,-96.2328,-0.594604,-0.804019
256.4,58.3435,-96.2237,-0.893471,-0.449122
256.5,58.3552,-96.2623,-0.504886,-0.863186
256.6,58.3916,-96.2597,-0.497817,-0.867282
256.7,58.4374,-96.3003,-0.148673,-0.988887
256.8,58.4851,-96.3222,-0.165931,-0.986137
256.9,58.4881,-96.3425,-0.681659,-0.73167
257,58.5383,-96.3467,-0.18181,-0.983334
257.1,58.5719,-96.3541,-0.474701,-0.880147
257.2,58.5747,-96.3654,-0.745218,-0.666821
257.3,58.5472,-96.3758,-0.86965,-0.493669
257.4,58.5003,-96.4244,-0.770638,-0.637273
257.5,58.4929,-96.4692,-0.621333,-0.783546
257.6,58.443,-96.4876,-0.886805,-0.462144
257.7,58.3996,-96.5555,-0.692707,-0.721219
257.8,58.3391,-96.5765,-0.896198,-0.443655
257.9,58.2826,-96.5476,-0.996758,-0.0804553
258,58.236,-96.5678,-0.873314,-0.487158
258.1,58.2108,-96.5896,-0.810351,-0.585945
258.2,58.1772,-96.5791,-0.956679,-0.291144
258.3,58.1218,-96.5428,-0.999797,-0.0201392
258.4,58.0485,-96.5531,-0.936138,-0.351632
258.5,57.9949,-96.6018,-0.785145,-0.619312
258.6,57.9785,-96.684,-0.522691,-0.852522
258.7,57.9887,-96.753,-0.407303,-0.913293
258.8,57.9627,-96.7875,-0.757097,-0.653302
258.9,57.931,-96.7822,-0.93924,-0.343261
259,57.9091,-96.7317,-0.989033,0.147694
259.1,57.862,-96.719,-0.97069,-0.240336
259.2,57.8089,-96.6365,-0.93133,0.364178
259.3,57.81,-96.5479,-0.756784,0.653664
259.4,57.7832,-96.5803,-0.757974,-0.652285
259.5,57.7294,-96.5762,-0.951654,-0.307172
259.6,57.6595,-96.5452,-0.997385,-0.0722715
259.7,57.577,-96.4758,-0.979381,0.202021
259.8,57.5272,-96.3685,-0.849608,0.527414
259.9,57.4922,-96.2726,-0.8604,0.509619
260,57.4544,-96.2206,-0.994823,0.101622
260.1,57.4697,-96.1174,-0.552958,0.833209
260.2,57.526,-96.0427,0.0432351,0.999065
260.3,57.5617,-96.0075,-0.919068,-0.394099
260.4,57.5941,-95.9973,-0.55892,-0.829221
260.5,57.581,-95.9673,-0.981159,-0.193202
260.6,57.5939,-95.9638,-0.722438,-0.691436
260.7,57.5716,-95.9248,-0.998268,-0.0588247
260.8,57.5698,-95.9058,-0.91534,-0.402682
260.9,57.5633,-95.9076,-0.80011,-0.599853
261,57.5473,-95.8604,-0.9989,0.0468902
261.1,57.5468,-95.8381,-0.928737,-0.370739
261.2,57.577,-95.8379,-0.477597,-0.878579
261.3,57.5983,-95.8051,-0.94573,-0.324954
261.4,57.6203,-95.7959,-0.678262,-0.73482
261.5,57.5931,-95.7463,-0.997838,0.0657144
261.6,57.6301,-95.6797,-0.608581,0.793492
261.7,57.6517,-95.6293,-0.984688,0.174323
261.8,57.6703,-95.5969,-0.943325,-0.331872
261.9,57.6896,-95.5869,-0.703076,-0.711115
262,57.69,-95.59,-0.74325,-0.669014
262.1,57.7403,-95.5977,-0.0669148,-0.997759
262.2,57.7629,-95.6134,-0.460548,-0.887635
262.3,57.7683,-95.6321,-0.610083,-0.792337
262.4,57.7677,-95.6606,-0.600615,-0.799539
262.5,57.7845,-95.7056,-0.386578,-0.922257
262.6,57.7831,-95.7145,-0.726073,-0.687618
262.7,57.7395,-95.6965,-0.966714,-0.255858
262.8,57.725,-95.6876,-0.88975,-0.456449
262.9,57.6769,-95.6535,-0.99503,-0.0995798
263,57.6724,-95.6536,-0.794431,-0.607354
263.1,57.7588,-95.6811,0.409819,-0.912167
263.2,57.8219,-95.7004,0.13845,-0.990369
263.3,57.8709,-95.7092,-0.103955,-0.994582
263.4,57.8955,-95.7232,-0.462219,-0.886766
263.5,57.8749,-95.7586,-0.690644,-0.723195
263.6,57.8638,-95.8431,-0.45812,-0.88889
263.7,57.8155,-95.8942,-0.739108,-0.673587
263.8,57.8114,-95.9223,-0.639382,-0.768889
263.9,57.8354,-95.8977,-0.862771,-0.505595
264,57.8529,-95.8755,-0.874781,-0.484519
264.1,57.8857,-95.8393,-0.956849,-0.290586
264.2,57.8945,-95.8211,-0.881331,-0.4725
264.3,57.8992,-95.8359,-0.655868,-0.754875
264.4,57.946,-95.8239,-0.259578,-0.965722
264.5,57.9675,-95.8262,-0.598797,-0.800901
264.6,57.9638,-95.8358,-0.747024,-0.664797
264.7,57.9513,-95.8447,-0.795328,-0.60618
264.8,57.952,-95.8053,-0.99798,-0.0635274
264.9,57.941,-95.7794,-0.968247,-0.249995
265,57.911,-95.7556,-0.975066,-0.221916
265.1,57.8919,-95.6706,-0.871659,0.490112
265.2,57.8526,-95.6311,-0.998963,-0.0455405
265.3,57.8285,-95.5787,-0.994445,0.105259
265.4,57.7993,-95.5539,-0.973479,-0.228775
265.5,57.7905,-95.5623,-0.76421,-0.644968
265.6,57.8092,-95.5564,-0.674384,-0.738381
265.7,57.7857,-95.5775,-0.762464,-0.647031
265.8,57.7534,-95.5943,-0.815146,-0.579255
265.9,57.7112,-95.5821,-0.947631,-0.319367
266,57.6617,-95.5943,-0.875834,-0.482612
266.1,57.6607,-95.5938,-0.776244,-0.630433
266.2,57.6267,-95.5819,-0.935811,-0.352501
266.3,57.5779,-95.5751,-0.936973,-0.349401
266.4,57.5376,-95.5791,-0.884884,-0.465812
266.5,57.4789,-95.5641,-0.965027,-0.262151
266.6,57.4201,-95.4992,-0.985442,0.170011
266.7,57.3467,-95.482,-0.974529,-0.224262
266.8,57.2798,-95.4903,-0.908796,-0.41724
266.9,57.206,-95.4491,-0.999072,-0.0430779
267,57.1598,-95.3862,-0.987229,0.15931
267.1,57.0725,-95.3272,-0.996577,0.0826662
267.2,56.9918,-95.3177,-0.959598,-0.281375
267.3,56.9275,-95.2611,-0.997407,0.0719712
267.4,56.8728,-95.2281,-0.988874,-0.148755
267.5,56.8464,-95.1537,-0.949606,0.313447
267.6,56.7818,-95.1118,-0.997816,-0.0660598
267.7,56.7464,-95.0763,-0.985838,-0.1677
267.8,56.709,-95.0552,-0.947661,-0.319278
267.9,56.6572,-95.082,-0.792802,-0.60948
268,56.6457,-95.0792,-0.783604,-0.621261
268.1,56.616,-95.1101,-0.692827,-0.721104
268.2,56.5816,-95.0913,-0.934239,-0.356648
268.3,56.5779,-95.0533,-0.971367,-0.237586
268.4,56.6145,-95.0449,-0.262119,-0.965036
268.5,56.6473,-95.0469,-0.282054,-0.959399
268.6,56.6363,-95.0732,-0.61115,-0.791515
268.7,56.6051,-95.0961,-0.734925,-0.678148
268.8,56.5631,-95.1044,-0.837944,-0.545756
268.9,56.5253,-95.1625,-0.620608,-0.784121
269,56.4973,-95.1716,-0.787455,-0.616372
269.1,56.5066,-95.214,-0.385962,-0.922515
269.2,56.5004,-95.2265,-0.654924,-0.755694
269.3,56.457,-95.2457,-0.796383,-0.604793
269.4,56.4552,-95.2717,-0.548187,-0.836356
269.5,56.4316,-95.2049,-0.975595,0.219579
269.6,56.3885,-95.1843,-0.94944,-0.31395
269.7,56.3718,-95.1258,-0.993465,0.114135
269.8,56.4,-95.0995,-0.612864,-0.790188
269.9,56.4369,-95.1163,-0.155477,-0.987839
270,56.5085,-95.1506,0.268836,-0.963186
270.1,56.5496,-95.1677,-0.105025,-0.99447
270.2,56.5654,-95.1934,-0.393014,-0.919532
270.3,56.556,-95.1956,-0.740749,-0.671781
270.4,56.5258,-95.2052,-0.79603,-0.605258
270.5,56.5389,-95.2396,-0.384667,-0.923055
270.6,56.5766,-95.2755,-0.125508,-0.992093
270.7,56.6001,-95.304,-0.308027,-0.951378
270.8,56.5894,-95.2962,-0.818766,-0.574127
270.9,56.5953,-95.2848,-0.745677,-0.666308
271,56.5852,-95.3097,-0.620606,-0.784122
271.1,56.5587,-95.3818,-0.526633,-0.850093
271.2,56.5273,-95.4223,-0.666701,-0.745325
271.3,56.5694,-95.4652,-0.0774172,-0.996999
271.4,56.5868,-95.453,-0.655475,-0.755217
271.5,56.5945,-95.4709,-0.52858,-0.848884
271.6,56.5638,-95.4672,-0.870573,-0.492039
271.7,56.5666,-95.5389,-0.360091,-0.932917
271.8,56.5217,-95.596,-0.666283,-0.745699
271.9,56.4463,-95.5585,-0.995768,-0.0919004
272,56.3971,-95.4784,-0.955157,0.296099
272.1,56.3516,-95.4556,-0.961246,-0.275693
272.2,56.3439,-95.4386,-0.861262,-0.508162
272.3,56.3642,-95.4983,-0.249768,-0.968306
272.4,56.3517,-95.5203,-0.649168,-0.760645
272.5,56.3877,-95.5428,-0.177196,-0.984176
272.6,56.3953,-95.5068,-0.949799,-0.312861
272.7,56.4355,-95.5058,-0.17904,-0.983842
272.8,56.4824,-95.5495,-0.0248446,-0.999691
272.9,56.5055,-95.5515,-0.460196,-0.887817
273,56.4833,-95.5639,-0.758809,-0.651313
273.1,56.4869,-95.5335,-0.924946,-0.380098
273.2,56.5373,-95.5209,0.0209783,-0.99978
273.3,56.5763,-95.5058,-0.297751,-0.954644
273.4,56.5997,-95.531,-0.335682,-0.941975
273.5,56.636,-95.5079,-0.467542,-0.883971
273.6,56.655,-95.4942,-0.660001,-0.751265
273.7,56.6548,-95.4714,-0.886767,-0.462216
273.8,56.6309,-95.481,-0.783603,-0.621261
273.9,56.6516,-95.4683,-0.625859,-0.779936
274,56.664,-95.4643,-0.640944,-0.767588
274.1,56.6283,-95.4742,-0.823965,-0.56664
274.2,56.6204,-95.4187,-0.994042,0.108994
274.3,56.6461,-95.3428,-0.669844,0.742502
274.4,56.6526,-95.2994,-0.990153,-0.139988
274.5,56.6483,-95.2821,-0.855519,-0.517771
274.6,56.6562,-95.2901,-0.581944,-0.813229
274.7,56.6683,-95.2667,-0.816901,-0.576778
274.8,56.6602,-95.2637,-0.775082,-0.63186
274.9,56.6687,-95.2587,-0.672539,-0.740062
275,56.666,-95.2686,-0.656585,-0.754253
275.1,56.7022,-95.2473,-0.415734,-0.909486
275.2,56.7396,-95.2227,-0.430348,-0.902663
275.3,56.7895,-95.223,0.01112,-0.999938
275.4,56.8381,-95.2293,-0.0161933,-0.999869
275.5,56.8643,-95.246,-0.336028,-0.941852
275.6,56.8895,-95.2639,-0.346739,-0.937962
275.7,56.916,-95.2766,-0.355752,-0.93458
275.8,56.9287,-95.2849,-0.549451,-0.835526
275.9,56.9416,-95.2925,-0.552926,-0.83323
276,56.9394,-95.3036,-0.660593,-0.750744
276.1,56.9249,-95.312,-0.750714,-0.660628
276.2,56.9384,-95.3435,-0.418542,-0.908197
276.3,56.967,-95.365,-0.297881,-0.954603
276.4,56.9717,-95.3888,-0.538113,-0.842873
276.5,56.9387,-95.4089,-0.77527,-0.63163
276.6,56.8886,-95.382,-0.978361,-0.206904
276.7,56.8656,-95.3972,-0.755861,-0.654732
276.8,56.8764,-95.4492,-0.366957,-0.930238
276.9,56.8649,-95.4759,-0.638382,-0.76972
277,56.8176,-95.4677,-0.925853,-0.377885
277.1,56.774,-95.4096,-0.994794,0.101911
277.2,56.7216,-95.4008,-0.93177,-0.363049
277.3,56.6635,-95.3725,-0.982061,-0.188564
277.4,56.6106,-95.3939,-0.822917,-0.568162
277.5,56.5794,-95.4416,-0.638898,-0.769291
277.6,56.5616,-95.5035,-0.517806,-0.855498
277.7,56.5752,-95.5544,-0.339834,-0.940485
277.8,56.5617,-95.5136,-0.991819,-0.127652
277.9,56.5734,-95.4526,-0.955464,0.295106
278,56.5666,-95.4186,-0.964826,-0.26289
278.1,56.5488,-95.3891,-0.958281,-0.285827
278.2,56.5328,-95.3651,-0.930444,-0.366434
278.3,56.5235,-95.3593,-0.797974,-0.602691
278.4,56.5273,-95.361,-0.659269,-0.751907
278.5,56.4785,-95.3462,-0.941091,-0.338154
278.6,56.4744,-95.354,-0.674589,-0.738193
278.7,56.4613,-95.3183,-0.974028,-0.226426
278.8,56.4565,-95.3032,-0.83477,-0.550599
278.9,56.4598,-95.3035,-0.666274,-0.745707
279,56.5123,-95.295,0.0922215,-0.995739
279.1,56.5402,-95.302,-0.341125,-0.940018
279.2,56.5912,-95.3052,0.0386994,-0.999251
279.3,56.618,-95.3161,-0.344075,-0.938942
279.4,56.6779,-95.321,0.18995,-0.981794
279.5,56.7089,-95.3355,-0.276977,-0.960876
279.6,56.7178,-95.3484,-0.54718,-0.837015
279.7,56.7683,-95.3335,0.0205821,-0.999788
279.8,56.7924,-95.3352,-0.451776,-0.892132
279.9,56.7963,-95.3428,-0.630739,-0.775995
280,56.7808,-95.3194,-0.931405,-0.363984
280.1,56.7925,-95.338,-0.491003,-0.871158
280.2,56.8103,-95.347,-0.484636,-0.874716
280.3,56.8192,-95.3646,-0.525938,-0.850523
280.4,56.8186,-95.3862,-0.584576,-0.811339
280.5,56.8275,-95.4035,-0.531223,-0.847232
280.6,56.8754,-95.4412,-0.0283697,-0.999597
280.7,56.9253,-95.4773,-0.0088268,-0.999961
280.8,56.9477,-95.5173,-0.308297,-0.95129
280.9,57.0202,-95.5574,0.235294,-0.971924
281,57.0725,-95.5914,0.00952781,-0.999955
281.1,57.0985,-95.6328,-0.281578,-0.959538
281.2,57.1106,-95.6766,-0.40393,-0.91479
281.3,57.1155,-95.7233,-0.453027,-0.891497
281.4,57.0905,-95.77,-0.640413,-0.76803
281.5,57.0806,-95.8052,-0.608622,-0.79346
281.6,57.0716,-95.8369,-0.621535,-0.783387
281.7,57.0273,-95.839,-0.896258,-0.443533
281.8,57.0447,-95.8609,-0.459851,-0.887996
281.9,57.0807,-95.8684,-0.299017,-0.954248
282,57.0918,-95.8818,-0.57585,-0.817555
282.1,57.0847,-95.8893,-0.748964,-0.662611
282.2,57.0995,-95.9298,-0.405008,-0.914313
282.3,57.1046,-95.9605,-0.53409,-0.845428
282.4,57.0945,-95.9927,-0.633349,-0.773867
282.5,57.0424,-95.9977,-0.902731,-0.430206
282.6,56.9968,-95.9735,-0.977772,-0.209671
282.7,56.947,-95.9352,-0.997417,-0.0718302
282.8,56.9211,-95.9409,-0.835558,-0.549402
282.9,56.8911,-95.9431,-0.863431,-0.504467
283,56.8792,-95.9656,-0.684484,-0.729028
283.1,56.8377,-95.9465,-0.961013,-0.276501
283.2,56.7643,-95.9628,-0.894821,-0.446425
283.3,56.7143,-95.9486,-0.953372,-0.301797
283.4,56.6519,-95.9828,-0.815902,-0.57819
283.5,56.5482,-95.9841,-0.955163,-0.29608
283.6,56.4857,-95.9547,-0.987771,-0.155911
283.7,56.4137,-95.9074,-0.999994,-0.00339763
283.8,56.3345,-95.8814,-0.985675,-0.168656
283.9,56.2437,-95.8451,-0.996204,-0.087054
284,56.1697,-95.8335,-0.957138,-0.289634
284.1,56.0972,-95.8718,-0.811624,-0.58418
284.2,56.0182,-95.9133,-0.815563,-0.578668
284.3,55.9421,-95.953,-0.813766,-0.581192
284.4,55.8121,-95.9702,-0.936369,-0.351018
284.5,55.7036,-96.017,-0.850182,-0.526489
284.6,55.654,-96.1034,-0.581501,-0.813546
284.7,55.5939,-96.1668,-0.689663,-0.724131
284.8,55.6454,-96.2491,0.0229665,-0.999736
284.9,55.6276,-96.2939,-0.575973,-0.817468
285,55.7103,-96.3027,0.495861,-0.868402
285.1,55.737,-96.2724,-0.766196,-0.642608
285.2,55.7007,-96.2823,-0.822766,-0.56838
285.3,55.6632,-96.2421,-0.994156,-0.10795
285.4,55.6647,-96.2332,-0.757073,-0.65333
285.5,55.6978,-96.2469,-0.243976,-0.969781
285.6,55.714,-96.2769,-0.383169,-0.923678
285.7,55.741,-96.3557,-0.172213,-0.98506
285.8,55.7476,-96.4208,-0.354892,-0.934907
285.9,55.7944,-96.519,-0.0229488,-0.999737
286,55.8168,-96.5666,-0.285115,-0.958493
286.1,55.8985,-96.6036,0.338758,-0.940874
286.2,56.0293,-96.6015,0.868835,-0.495102
286.3,56.1215,-96.5518,0.997236,0.0743036
286.4,56.1638,-96.5021,0.997236,0.0743036
286.5,56.2037,-96.4908,-0.331181,-0.943567
286.6,56.1944,-96.5163,-0.650111,-0.759839
286.7,56.2341,-96.5307,-0.20457,-0.978852
286.8,56.2687,-96.5895,-0.169366,-0.985553
286.9,56.3606,-96.6003,0.566762,-0.823882
287,56.4336,-96.6575,0.188046,-0.98216
287.1,56.4977,-96.6342,0.430628,-0.90253
287.2,56.5435,-96.5565,-0.239831,0.970815
287.3,56.5543,-96.4965,-0.94201,0.335585
287.4,56.593,-96.4947,-0.326668,-0.945139
287.5,56.5982,-96.4618,-0.971191,-0.238304
287.6,56.6234,-96.4447,-0.713319,-0.700839
287.7,56.6274,-96.4065,-0.990746,-0.135731
287.8,56.615,-96.4005,-0.859783,-0.510659
287.9,56.6106,-96.3893,-0.862439,-0.50616
288,56.584,-96.385,-0.889817,-0.456318
288.1,56.5688,-96.4294,-0.606499,-0.795084
288.2,56.5792,-96.4484,-0.555419,-0.831571
288.3,56.5848,-96.3793,-0.894638,0.446793
288.4,56.5773,-96.3585,-0.926892,-0.375327
288.5,56.5536,-96.3532,-0.885559,-0.464527
288.6,56.5312,-96.3353,-0.938444,-0.345431
288.7,56.4921,-96.329,-0.918876,-0.394545
288.8,56.4491,-96.2727,-0.994403,0.105654
288.9,56.4559,-96.2209,-0.993152,0.116827
289,56.4641,-96.206,-0.810999,-0.585047
289.1,56.4733,-96.241,-0.464935,-0.885345
289.2,56.4876,-96.271,-0.444109,-0.895973
289.3,56.4682,-96.3171,-0.613733,-0.789514
289.4,56.4977,-96.3682,-0.231079,-0.972935
289.5,56.5162,-96.311,-0.950334,0.311231
289.6,56.5233,-96.3025,-0.772471,-0.635051
289.7,56.4784,-96.3241,-0.82174,-0.569863
289.8,56.479,-96.3727,-0.481846,-0.876256
289.9,56.5183,-96.4572,-0.10285,-0.994697
290,56.5523,-96.5316,-0.159868,-0.987138
290.1,56.594,-96.6053,-0.100991,-0.994887
290.2,56.6081,-96.7138,-0.253462,-0.967345
290.3,56.6615,-96.8532,-0.00717778,-0.999974
290.4,56.7586,-96.9686,0.25521,-0.966886
290.5,56.8072,-97.096,-0.0444987,-0.999009
290.6,56.899,-97.1982,0.237457,-0.971398
290.7,57.0171,-97.2579,0.519876,-0.854241
290.8,57.0951,-97.3334,0.171608,-0.985165
290.9,57.1407,-97.3958,-0.126056,-0.992023
291,57.1908,-97.4083,-0.171886,-0.985117
291.1,57.1997,-97.4631,-0.476138,-0.879371
291.2,57.1956,-97.4833,-0.740503,-0.672053
291.3,57.1903,-97.5533,-0.515988,-0.856596
291.4,57.1685,-97.6001,-0.697048,-0.717025
291.5,57.1199,-97.576,-0.99338,-0.114878
291.6,57.0657,-97.5693,-0.966361,-0.257189
291.7,57.054,-97.5449,-0.984244,-0.176815
291.8,57.006,-97.603,-0.746871,-0.664969
291.9,56.9501,-97.6925,-0.672549,-0.740052
292,56.9145,-97.7486,-0.714782,-0.699347
292.1,56.8804,-97.7979,-0.737315,-0.675549
292.2,56.8277,-97.8386,-0.824193,-0.566309
292.3,56.7547,-97.8337,-0.972954,-0.231
292.4,56.6605,-97.7764,-0.991157,0.132697
292.5,56.5685,-97.789,-0.949211,-0.314639
292.6,56.564,-97.8037,-0.770048,-0.637986
292.7,56.6298,-97.8226,0.119932,-0.992782
292.8,56.6472,-97.8289,-0.691893,-0.722
292.9,56.6233,-97.8072,-0.983188,-0.182595
293,56.6468,-97.8063,-0.697439,-0.716644
293.1,56.6213,-97.8154,-0.876751,-0.480945
293.2,56.5796,-97.8328,-0.878661,-0.477446
293.3,56.531,-97.7992,-0.999368,-0.0355456
293.4,56.5726,-97.7479,-0.789024,0.614363
293.5,56.612,-97.6704,-0.439849,0.898072
293.6,56.7008,-97.669,0.632775,-0.774335
293.7,56.7605,-97.6409,0.632775,-0.774335
293.8,56.8019,-97.6543,-0.321915,-0.946768
293.9,56.8094,-97.6269,-0.980262,-0.197703
294,56.7957,-97.6531,-0.75027,-0.661132
294.1,56.8031,-97.6758,-0.649637,-0.760245
294.2,56.8246,-97.6672,-0.7913,-0.611429
294.3,56.8116,-97.6604,-0.92027,-0.391284
294.4,56.837,-97.6214,-0.999181,0.0404677
294.5,56.8407,-97.6007,-0.955147,-0.296133
294.6,56.8677,-97.5738,-0.946242,-0.323459
294.7,56.8668,-97.5544,-0.95522,-0.295896
294.8,56.8773,-97.5273,-0.975006,-0.22218
294.9,56.8403,-97.506,-0.98495,-0.172841
295,56.8498,-97.5028,-0.811661,-0.584129
295.1,56.8159,-97.5245,-0.837987,-0.54569
295.2,56.7539,-97.4882,-0.999849,-0.0173578
295.3,56.6638,-97.3935,-0.935848,0.352405
295.4,56.618,-97.322,-0.956085,0.293091
295.5,56.5551,-97.2975,-0.991313,-0.131523
295.6,56.5076,-97.3206,-0.852878,-0.52211
295.7,56.4536,-97.2941,-0.99166,-0.128878
295.8,56.4218,-97.2514,-0.999856,0.016979
295.9,56.4239,-97.2721,-0.656145,-0.754635
296,56.3905,-97.2869,-0.847016,-0.531567
296.1,56.384,-97.3439,-0.53775,-0.843104
296.2,56.3547,-97.3801,-0.742712,-0.669611
296.3,56.3714,-97.4357,-0.381023,-0.924565
296.4,56.3492,-97.4599,-0.772706,-0.634764
296.5,56.3275,-97.5341,-0.564648,-0.825332
296.6,56.3089,-97.5164,-0.958056,-0.286579
296.7,56.2652,-97.5043,-0.962353,-0.271804
296.8,56.2229,-97.5261,-0.845666,-0.533713
296.9,56.1749,-97.4809,-0.999156,0.0410867
297,56.1314,-97.4812,-0.923286,-0.384114
297.1,56.1219,-97.4342,-0.996551,0.0829803
297.2,56.1618,-97.3798,-0.791684,0.610931
297.3,56.1602,-97.3335,-0.997266,0.0739012
297.4,56.165,-97.3087,-0.946232,-0.323489
297.5,56.1502,-97.3068,-0.867225,-0.497917
297.6,56.1683,-97.2982,-0.742364,-0.669997
297.7,56.1803,-97.2762,-0.906017,-0.423241
297.8,56.1725,-97.2277,-0.995652,0.0931493
297.9,56.1878,-97.2236,-0.719191,-0.694812
298,56.2008,-97.2303,-0.650898,-0.759166
298.1,56.2019,-97.2414,-0.711476,-0.702711
298.2,56.2172,-97.2673,-0.506128,-0.862459
298.3,56.2588,-97.2572,-0.398066,-0.917357
298.4,56.2804,-97.2462,-0.738819,-0.673904
298.5,56.2584,-97.2414,-0.901359,-0.433073
298.6,56.2362,-97.2865,-0.665129,-0.746729
298.7,56.1911,-97.2117,-0.95162,0.307276
298.8,56.1896,-97.0781,-0.53125,0.847215
298.9,56.1891,-96.9849,-0.744358,0.667781
299,56.1921,-96.9226,-0.942103,0.335323
299.1,56.2341,-96.8983,-0.516021,-0.856576
299.2,56.2622,-96.8781,-0.734586,-0.678516
299.3,56.2785,-96.8687,-0.735464,-0.677564
299.4,56.3032,-96.899,-0.367929,-0.929854
299.5,56.3173,-96.9246,-0.500645,-0.865653
299.6,56.2963,-96.9146,-0.912521,-0.40903
299.7,56.2937,-96.9323,-0.678727,-0.73439
299.8,56.2467,-96.9413,-0.887103,-0.461572
299.9,56.2294,-96.9506,-0.801922,-0.597428
300,56.2267,-96.9365,-0.885216,-0.46518
300.1,56.2301,-96.9504,-0.65958,-0.751634
300.2,56.2117,-96.9519,-0.847431,-0.530906
300.3,56.2299,-96.9513,-0.638144,-0.769917
300.4,56.227,-96.9641,-0.70956,-0.704645
300.5,56.242,-96.9631,-0.676055,-0.736851
300.6,56.2092,-96.9608,-0.90262,-0.430438
300.7,56.1592,-96.9115,-0.998767,0.0496472
300.8,56.1426,-96.9398,-0.695379,-0.718643
300.9,56.1143,-96.9695,-0.742782,-0.669533
301,56.0685,-97.027,-0.699675,-0.714461
301.1,56.0122,-97.0562,-0.832342,-0.554262
301.2,55.9782,-97.0432,-0.941838,-0.336068
301.3,55.961,-97.0157,-0.971991,-0.235018
301.4,55.9577,-97.0362,-0.656957,-0.753928
301.5,55.9079,-97.0383,-0.911023,-0.412355
301.6,55.8562,-97.008,-0.990335,-0.138695
301.7,55.8065,-96.9045,-0.871073,0.491154
301.8,55.7725,-96.8463,-0.990451,0.137865
301.9,55.7567,-96.8079,-0.992826,-0.119566
302,55.7266,-96.7893,-0.945501,-0.325618
302.1,55.7227,-96.8132,-0.616746,-0.787162
302.2,55.727,-96.7879,-0.910139,-0.414302
302.3,55.7079,-96.7753,-0.898908,-0.438137
302.4,55.6485,-96.7332,-0.998927,-0.0463079
302.5,55.6127,-96.671,-0.986588,0.163231
302.6,55.6362,-96.5668,-0.437666,0.899138
302.7,55.6467,-96.4956,-0.869447,0.494027
302.8,55.701,-96.4235,0.173075,0.984909
302.9,55.7272,-96.383,-0.943392,-0.331679
303,55.7462,-96.3608,-0.756476,-0.654022
303.1,55.7634,-96.3736,-0.468223,-0.88361
303.2,55.7729,-96.3831,-0.570177,-0.821522
303.3,55.7487,-96.3854,-0.824144,-0.56638
303.4,55.7407,-96.3788,-0.80795,-0.589251
303.5,55.7496,-96.3252,-0.993739,0.111725
303.6,55.7531,-96.3193,-0.730968,-0.682412
303.7,55.7572,-96.3307,-0.60231,-0.798262
303.8,55.7606,-96.3424,-0.60708,-0.794641
303.9,55.7488,-96.333,-0.841539,-0.540197
304,55.749,-96.3721,-0.490268,-0.871572
304.1,55.7313,-96.3988,-0.667032,-0.745029
304.2,55.7632,-96.4201,-0.25039,-0.968145
304.3,55.7467,-96.4539,-0.629208,-0.777237
304.4,55.6967,-96.4505,-0.911549,-0.411192
304.5,55.6963,-96.4545,-0.691947,-0.721948
304.6,55.6524,-96.4833,-0.771172,-0.636627
304.7,55.6422,-96.5491,-0.465442,-0.885078
304.8,55.6156,-96.5676,-0.753391,-0.657572
304.9,55.5868,-96.5361,-0.977079,-0.212877
305,55.5856,-96.5464,-0.654392,-0.756155
305.1,55.5817,-96.5976,-0.47497,-0.880002
305.2,55.558,-96.6846,-0.478579,-0.878045
305.3,55.5318,-96.7008,-0.765859,-0.643009
305.4,55.4786,-96.6359,-0.98771,0.156296
305.5,55.4105,-96.6188,-0.965462,-0.260544
305.6,55.3251,-96.6023,-0.971748,-0.236021
305.7,55.2714,-96.5224,-0.959832,0.280576
305.8,55.3037,-96.4716,-0.999817,0.0191188
305.9,55.3348,-96.46,-0.40775,-0.913093
306,55.3602,-96.4022,-0.953686,0.300805
306.1,55.3929,-96.3729,-0.594985,-0.803737
306.2,55.4089,-96.3652,-0.603469,-0.797386
306.3,55.4293,-96.3647,-0.489542,-0.87198
306.4,55.4372,-96.3703,-0.587166,-0.809466
306.5,55.4392,-96.3845,-0.585617,-0.810588
306.6,55.4106,-96.3748,-0.885808,-0.464052
306.7,55.3963,-96.4129,-0.578391,-0.815759
306.8,55.4307,-96.44,-0.179728,-0.983716
306.9,55.4436,-96.4548,-0.486231,-0.87383
307,55.4506,-96.4789,-0.49337,-0.869819
307.1,55.4414,-96.5037,-0.615968,-0.787771
307.2,55.4309,-96.5162,-0.692516,-0.721403
307.3,55.3784,-96.5558,-0.75168,-0.659528
307.4,55.378,-96.608,-0.437453,-0.899241
307.5,55.3585,-96.6396,-0.647055,-0.762443
307.6,55.3348,-96.6389,-0.83196,-0.554835
307.7,55.3145,-96.6418,-0.798897,-0.601468
307.8,55.2798,-96.666,-0.750761,-0.660574
307.9,55.2078,-96.7165,-0.770587,-0.637334
308,55.1869,-96.7974,-0.472148,-0.881519
308.1,55.1881,-96.8403,-0.462292,-0.886728
308.2,55.2334,-96.9057,-0.0373373,-0.999303
308.3,55.2731,-96.977,-0.0871084,-0.996199
308.4,55.2638,-97.0382,-0.480427,-0.877035
308.5,55.2285,-97.0568,-0.791591,-0.611051
308.6,55.1839,-97.0434,-0.939762,-0.34183
308.7,55.2369,-97.0636,0.0351159,-0.999383
308.8,55.2747,-97.1125,-0.134383,-0.990929
308.9,55.3489,-97.12,0.383004,-0.923747
309,55.388,-97.1103,-0.319432,-0.947609
309.1,55.4291,-97.1205,-0.184441,-0.982844
309.2,55.452,-97.1787,-0.267258,-0.963625
309.3,55.4165,-97.2122,-0.740417,-0.672147
309.4,55.367,-97.2568,-0.746017,-0.665927
309.5,55.3166,-97.2583,-0.90672,-0.421733
309.6,55.3267,-97.3269,-0.343651,-0.939097
309.7,55.3823,-97.373,0.0324574,-0.999473
309.8,55.4807,-97.3332,0.992069,-0.125698
309.9,55.5489,-97.2658,0.561455,0.827507
310,55.6116,-97.2396,0.440966,-0.897524
310.1,55.6148,-97.2344,-0.782468,-0.62269
310.2,55.6135,-97.2359,-0.759339,-0.650695
310.3,55.7165,-97.1875,0.998027,0.0627905
310.4,55.7731,-97.2307,0.0349534,-0.999389
310.5,55.8501,-97.246,0.358651,-0.933472
310.6,55.8593,-97.2259,-0.882399,-0.470503
310.7,55.8704,-97.21,-0.836797,-0.547513
310.8,55.8648,-97.2139,-0.778915,-0.62713
310.9,55.8128,-97.1992,-0.963237,-0.268652
311,55.748,-97.192,-0.954031,-0.299709
311.1,55.6795,-97.1618,-0.992806,-0.119732
311.2,55.6397,-97.1428,-0.962046,-0.272888
311.3,55.5926,-97.1721,-0.800691,-0.599078
311.4,55.5536,-97.1923,-0.81243,-0.583058
311.5,55.4927,-97.2169,-0.850455,-0.526047
311.6,55.465,-97.2789,-0.597763,-0.801673
311.7,55.4599,-97.3014,-0.648025,-0.761619
311.8,55.4506,-97.3216,-0.687123,-0.726541
311.9,55.4509,-97.391,-0.417718,-0.908577
312,55.4223,-97.4195,-0.743943,-0.668244
312.1,55.3537,-97.418,-0.941554,-0.336862
312.2,55.2818,-97.4664,-0.799606,-0.600525
312.3,55.2383,-97.5407,-0.627379,-0.778714
312.4,55.1626,-97.5419,-0.9406,-0.339516
312.5,55.1944,-97.5646,-0.295618,-0.955306
312.6,55.2543,-97.557,0.173521,-0.98483
312.7,55.2939,-97.5952,-0.164307,-0.986409
312.8,55.3339,-97.5994,-0.27062,-0.962686
312.9,55.3399,-97.6402,-0.490015,-0.871714
313,55.3771,-97.7172,-0.13874,-0.990329
313.1,55.4137,-97.8046,-0.137312,-0.990528
313.2,55.4645,-97.8682,-0.0428606,-0.999081
313.3,55.578,-97.8448,0.950814,-0.309763
313.4,55.6335,-97.7921,0.950814,-0.309763
313.5,55.686,-97.7785,-0.125857,-0.992048
313.6,55.7101,-97.7425,-0.984573,-0.174972
313.7,55.7161,-97.7354,-0.821675,-0.569956
313.8,55.6945,-97.77,-0.712766,-0.701402
313.9,55.64,-97.767,-0.943915,-0.330189
314,55.5978,-97.8125,-0.746767,-0.665086
314.1,55.5386,-97.8404,-0.854901,-0.518791
314.2,55.5154,-97.8337,-0.913363,-0.407146
314.3,55.5048,-97.8134,-0.94952,-0.313705
314.4,55.6306,-97.755,0.974663,0.223679
314.5,55.713,-97.7107,0.996564,0.0828299
314.6,55.7608,-97.694,-0.304065,-0.952651
314.7,55.7816,-97.6903,-0.679242,-0.733914
314.8,55.7961,-97.6742,-0.850268,-0.526351
314.9,55.7885,-97.6606,-0.913825,-0.406107
315,55.8075,-97.6579,-0.686129,-0.727479
315.1,55.8124,-97.6548,-0.797227,-0.60368
315.2,55.7978,-97.6504,-0.883119,-0.469149
315.3,55.785,-97.696,-0.617131,-0.78686
315.4,55.8289,-97.6778,-0.46136,-0.887213
315.5,55.871,-97.6132,-0.527051,0.849834
315.6,55.8952,-97.576,-0.989334,-0.145665
315.7,55.9292,-97.5519,-0.77505,-0.6319
315.8,55.9542,-97.5468,-0.643796,-0.765197
315.9,55.9651,-97.5595,-0.636837,-0.770998
316,56.0429,-97.6048,0.241286,-0.970454
316.1,56.1139,-97.6155,0.267349,-0.9636
316.2,56.1632,-97.6203,-0.16358,-0.98653
316.3,56.1967,-97.6051,-0.680965,-0.732316
316.4,56.2071,-97.5978,-0.815317,-0.579015
316.5,56.2071,-97.6024,-0.785059,-0.619421
316.6,56.2524,-97.6033,-0.274803,-0.961501
316.7,56.275,-97.5984,-0.69949,-0.714643
316.8,56.275,-97.6058,-0.769731,-0.638369
316.9,56.2633,-97.6077,-0.853495,-0.521101
317,56.2515,-97.592,-0.942565,-0.334022
317.1,56.2321,-97.5941,-0.8748,-0.484484
317.2,56.1772,-97.5908,-0.949503,-0.313758
317.3,56.1253,-97.5589,-0.996765,-0.0803709
317.4,56.1156,-97.5424,-0.937511,-0.347954
317.5,56.1043,-97.5473,-0.827167,-0.561957
317.6,56.0463,-97.5342,-0.971041,-0.238912
317.7,55.9728,-97.4949,-0.999844,-0.0176804
317.8,55.9359,-97.4521,-0.999972,0.00750722
317.9,55.9054,-97.4196,-0.993253,-0.115968
318,55.8727,-97.3837,-0.996789,-0.0800701
318.1,55.8796,-97.3244,-0.948615,0.316432
318.2,55.8716,-97.2855,-0.997272,-0.0738201
318.3,55.8354,-97.253,-0.992375,-0.123256
318.4,55.8213,-97.1711,-0.875883,0.482523
318.5,55.8037,-97.1143,-0.985928,0.16717
318.6,55.7778,-97.0778,-0.994281,-0.106794
318.7,55.7704,-97.0111,-0.943684,0.330847
318.8,55.7615,-96.9611,-0.997733,0.0672997
318.9,55.7448,-96.936,-0.957401,-0.288763
319,55.7188,-96.9314,-0.883104,-0.469178
319.1,55.6487,-96.9031,-0.989222,-0.146423
319.2,55.6219,-96.8999,-0.874581,-0.48488
319.3,55.5741,-96.8893,-0.939038,-0.343815
319.4,55.5286,-96.9032,-0.846409,-0.532533
319.5,55.4732,-96.9149,-0.874873,-0.484352
319.6,55.3914,-96.9002,-0.970555,-0.240879
319.7,55.333,-96.8415,-0.99526,0.0972496
319.8,55.2844,-96.82,-0.964254,-0.264978
319.9,55.2596,-96.813,-0.871842,-0.489787
320,55.2352,-96.8147,-0.825143,-0.564924
320.1,55.2213,-96.8334,-0.683186,-0.730244
320.2,55.2213,-96.8544,-0.577847,-0.816145
320.3,55.2528,-96.9143,-0.166076,-0.986113
320.4,55.3114,-96.9722,0.0773389,-0.997005
320.5,55.3548,-97.0154,-0.0813041,-0.996689
320.6,55.3797,-97.0502,-0.304222,-0.952601
320.7,55.4021,-97.0692,-0.400959,-0.916096
320.8,55.4094,-97.0808,-0.602461,-0.798149
320.9,55.413,-97.0988,-0.595088,-0.80366
321,55.4112,-97.1197,-0.620373,-0.784307
321.1,55.4328,-97.1436,-0.394768,-0.918781
321.2,55.458,-97.1509,-0.447377,-0.894346
321.3,55.4695,-97.1592,-0.597816,-0.801633
321.4,55.4729,-97.1654,-0.681196,-0.732101
321.5,55.4689,-97.1686,-0.751755,-0.659443
321.6,55.4642,-97.1821,-0.690738,-0.723105
321.7,55.4717,-97.1944,-0.608879,-0.793263
321.8,55.4739,-97.2081,-0.644263,-0.764804
321.9,55.496,-97.2147,-0.501842,-0.864959
322,55.5089,-97.2257,-0.573687,-0.819074
322.1,55.5108,-97.1879,-0.987742,-0.156095
322.2,55.5014,-97.1717,-0.90183,-0.432091
322.3,55.4926,-97.167,-0.828291,-0.560298
322.4,55.4786,-97.1532,-0.898966,-0.438018
322.5,55.4868,-97.0946,-0.963891,0.266296
322.6,55.4772,-97.0638,-0.968618,-0.248553
322.7,55.4613,-97.0496,-0.900971,-0.433879
322.8,55.4365,-97.0516,-0.842789,-0.538244
322.9,55.4093,-97.0541,-0.846745,-0.531998
323,55.3881,-97.0566,-0.825917,-0.563791
323.1,55.3756,-97.0606,-0.78053,-0.625119
323.2,55.3801,-97.0604,-0.705447,-0.708762
323.3,55.3704,-97.0741,-0.709069,-0.705139
323.4,55.3825,-97.1037,-0.456796,-0.889572
323.5,55.395,-97.142,-0.417176,-0.908826
323.6,55.4571,-97.1733,0.127842,-0.991795
323.7,55.4692,-97.2056,-0.456106,-0.889925
323.8,55.4722,-97.2356,-0.546372,-0.837542
323.9,55.5063,-97.2916,-0.180681,-0.983542
324,55.5065,-97.3278,-0.544009,-0.839079
324.1,55.5004,-97.3761,-0.5366,-0.843836
324.2,55.4586,-97.3893,-0.853293,-0.521432
324.3,55.3794,-97.4011,-0.919,-0.394257
324.4,55.3691,-97.4873,-0.434248,-0.900794
324.5,55.3152,-97.562,-0.667948,-0.744208
324.6,55.3131,-97.6539,-0.377724,-0.925918
324.7,55.2689,-97.7353,-0.616455,-0.78739
324.8,55.2823,-97.8336,-0.277232,-0.960803
324.9,55.2468,-97.921,-0.56887,-0.822427
325,55.243,-97.9825,-0.492063,-0.870559
325.1,55.1902,-97.9275,-0.993435,0.114399
325.2,55.201,-97.8636,-0.90581,0.423684
325.3,55.2257,-97.8172,-0.995621,0.0934865
325.4,55.2375,-97.796,-0.884305,-0.46691
325.5,55.2375,-97.7813,-0.882906,-0.469551
325.6,55.2273,-97.7835,-0.814163,-0.580637
325.7,55.2087,-97.7743,-0.903058,-0.42952
325.8,55.2296,-97.7956,-0.455596,-0.890187
325.9,55.2673,-97.7944,-0.367139,-0.930166
326,55.2788,-97.7506,-0.999997,0.0025604
326.1,55.2804,-97.7352,-0.880775,-0.473535
326.2,55.2578,-97.7438,-0.825554,-0.564323
326.3,55.2334,-97.7332,-0.920688,-0.390299
326.4,55.2076,-97.7268,-0.903939,-0.427661
326.5,55.1731,-97.7215,-0.915082,-0.403268
326.6,55.1648,-97.7006,-0.934283,-0.356532
326.7,55.1156,-97.7061,-0.8987,-0.438565
326.8,55.0694,-97.6903,-0.959683,-0.281083
326.9,55.0798,-97.5956,-0.65636,0.754448
327,55.1326,-97.5272,-0.00199171,0.999998
327.1,55.1647,-97.4913,-0.900176,-0.435526
327.2,55.1836,-97.4757,-0.742185,-0.670195
327.3,55.1827,-97.4781,-0.742901,-0.669402
327.4,55.1871,-97.5033,-0.561296,-0.827615
327.5,55.1854,-97.5083,-0.7319,-0.681412
327.6,55.2147,-97.5525,-0.253813,-0.967253
327.7,55.2508,-97.6437,-0.124423,-0.992229
327.8,55.2002,-97.7122,-0.678505,-0.734596
327.9,55.1133,-97.7399,-0.889817,-0.456317
328,54.9862,-97.7379,-0.973041,-0.230632
328.1,54.8819,-97.7782,-0.878381,-0.477962
328.2,54.8024,-97.7493,-0.991956,-0.126581
328.3,54.7136,-97.7513,-0.945901,-0.324456
328.4,54.6267,-97.7034,-0.999971,0.00757726
328.5,54.562,-97.7207,-0.872544,-0.488535
328.6,54.5423,-97.6719,-0.999923,0.012407
328.7,54.5348,-97.6488,-0.918199,-0.396118
328.8,54.5568,-97.5888,-0.927171,0.374638
328.9,54.5805,-97.558,-0.8301,-0.557614
329,54.6137,-97.5366,-0.53124,-0.847222
329.1,54.6296,-97.5092,-0.849666,-0.527321
329.2,54.6222,-97.4934,-0.868555,-0.495592
329.3,54.6461,-97.5165,-0.341951,-0.939718
329.4,54.6727,-97.508,-0.510707,-0.859755
329.5,54.6551,-97.5228,-0.732196,-0.681094
329.6,54.6539,-97.5231,-0.726386,-0.687287
329.7,54.6438,-97.5402,-0.678288,-0.734796
329.8,54.6177,-97.5539,-0.776027,-0.6307
329.9,54.5734,-97.595,-0.726386,-0.687287
330,54.5103,-97.5898,-0.934317,-0.356443
330.1,54.5133,-97.5991,-0.628069,-0.778158
330.2,54.5701,-97.599,0.135663,-0.990755
330.3,54.6175,-97.584,-0.0907953,-0.99587
330.4,54.642,-97.6106,-0.328961,-0.944343
330.5,54.6259,-97.5955,-0.896635,-0.44277
330.6,54.6196,-97.5314,-0.963491,0.267739
330.7,54.5726,-97.5194,-0.935659,-0.352906
330.8,54.5182,-97.4888,-0.984792,-0.173735
330.9,54.4809,-97.4533,-0.987375,-0.158399
331,54.4683,-97.3892,-0.974509,0.224347
331.1,54.4202,-97.3576,-0.981933,-0.189229
331.2,54.4207,-97.3137,-0.989972,-0.14126
331.3,54.4386,-97.3167,-0.48793,-0.872883
331.4,54.4374,-97.3659,-0.442413,-0.896812
331.5,54.407,-97.3748,-0.798204,-0.602387
331.6,54.4118,-97.3657,-0.723066,-0.690778
331.7,54.3843,-97.3184,-0.998976,-0.0452459
331.8,54.3966,-97.3024,-0.711305,-0.702883
331.9,54.3867,-97.2992,-0.769964,-0.638088
332,54.4246,-97.3052,-0.169078,-0.985603
332.1,54.393,-97.296,-0.885461,-0.464713
332.2,54.3966,-97.2515,-0.988953,-0.148229
332.3,54.389,-97.2209,-0.935666,-0.352887
332.4,54.3786,-97.2122,-0.803741,-0.594979
332.5,54.4116,-97.1913,-0.418585,-0.908178
332.6,54.4238,-97.1891,-0.579944,-0.814656
332.7,54.4198,-97.2064,-0.598393,-0.801202
332.8,54.449,-97.261,-0.169219,-0.985578
332.9,54.5154,-97.2823,0.248474,-0.968639
333,54.5589,-97.2867,-0.0891041,-0.996022
333.1,54.58,-97.2844,-0.498019,-0.867166
333.2,54.5884,-97.2851,-0.620941,-0.783857
333.3,54.5528,-97.2591,-0.961462,-0.274939
333.4,54.5029,-97.2561,-0.900848,-0.434135
333.5,54.4911,-97.2853,-0.599664,-0.800252
333.6,54.451,-97.3203,-0.718129,-0.69591
333.7,54.399,-97.3404,-0.816442,-0.577427
333.8,54.3584,-97.312,-0.969483,-0.245159
333.9,54.3128,-97.2481,-0.991061,0.13341
334,54.3028,-97.1741,-0.932218,0.361897
334.1,54.2898,-97.1671,-0.796475,-0.604672
334.2,54.297,-97.1829,-0.500096,-0.86597
334.3,54.2569,-97.1822,-0.859217,-0.511611
334.4,54.2298,-97.2037,-0.70455,-0.709655
334.5,54.1959,-97.2423,-0.661017,-0.750371
334.6,54.1214,-97.2516,-0.890162,-0.455645
334.7,54.0665,-97.2887,-0.74603,-0.665912
334.8,54.0167,-97.2762,-0.920714,-0.390239
334.9,54.0104,-97.2392,-0.953497,-0.301401
335,54.0211,-97.2492,-0.47608,-0.879402
335.1,54.0436,-97.2406,-0.452749,-0.891638
335.2,54.0529,-97.283,-0.351924,-0.936029
335.3,54.0319,-97.2955,-0.712482,-0.701691
335.4,54.0124,-97.3363,-0.569498,-0.821993
335.5,54.0385,-97.3565,-0.257974,-0.966152
335.6,54.0926,-97.3353,0.251436,-0.967874
335.7,54.135,-97.3025,-0.18742,-0.98228
335.8,54.2134,-97.3119,0.460765,-0.887522
335.9,54.2959,-97.3321,0.443018,-0.896513
336,54.4155,-97.3408,0.768067,-0.640369
336.1,54.4975,-97.3483,0.501442,-0.865191
336.2,54.5233,-97.3126,-0.841539,-0.540196
336.3,54.537,-97.3006,-0.673979,-0.73875
336.4,54.5536,-97.2983,-0.554533,-0.832162
336.5,54.5522,-97.2991,-0.699806,-0.714333
336.6,54.5494,-97.3088,-0.6511,-0.758992
336.7,54.5436,-97.2854,-0.897506,-0.441002
336.8,54.5364,-97.3119,-0.586893,-0.809665
336.9,54.5214,-97.3284,-0.689876,-0.723928
337,54.5121,-97.3481,-0.637675,-0.770306
337.1,54.509,-97.4124,-0.412684,-0.910874
337.2,54.5411,-97.4601,-0.171425,-0.985197
337.3,54.564,-97.4748,-0.381972,-0.924174
337.4,54.5692,-97.4759,-0.662623,-0.748953
337.5,54.6028,-97.4464,-0.631845,-0.775094
337.6,54.6194,-97.4329,-0.680839,-0.732433
337.7,54.6166,-97.4291,-0.756963,-0.653458
337.8,54.6053,-97.4165,-0.857507,-0.514472
337.9,54.5858,-97.4264,-0.758676,-0.651468
338,54.5678,-97.4192,-0.847708,-0.530463
338.1,54.5577,-97.4474,-0.608279,-0.793723
338.2,54.573,-97.4652,-0.453615,-0.891198
338.3,54.5771,-97.4747,-0.612987,-0.790093
338.4,54.5609,-97.4385,-0.981049,-0.193761
338.5,54.5539,-97.407,-0.952576,-0.3043
338.6,54.5393,-97.3819,-0.933035,-0.359785
338.7,54.5392,-97.3938,-0.623271,-0.782006
338.8,54.5179,-97.3998,-0.783267,-0.621686
338.9,54.4947,-97.3972,-0.836483,-0.547993
339,54.4284,-97.3693,-0.981926,-0.189265
339.1,54.3867,-97.2979,-0.974356,0.22501
339.2,54.3405,-97.2634,-0.984672,-0.174416
339.3,54.3047,-97.1799,-0.933846,0.357676
339.4,54.2496,-97.1422,-0.990059,-0.140651
339.5,54.1984,-97.1437,-0.873463,-0.486891
339.6,54.1954,-97.1316,-0.767,-0.641647
339.7,54.1941,-97.1029,-0.888095,-0.45966
339.8,54.2005,-97.0477,-0.998678,0.0514082
339.9,54.2022,-97.0158,-0.896934,-0.442165
340,54.1939,-97.0075,-0.763425,-0.645897
340.1,54.1848,-96.997,-0.782597,-0.622528
340.2,54.1711,-96.9974,-0.734581,-0.678522
340.3,54.1859,-97.039,-0.300803,-0.953686
340.4,54.1567,-97.0566,-0.722315,-0.691564
340.5,54.1694,-97.1016,-0.311861,-0.950128
340.6,54.1719,-97.135,-0.443258,-0.896394
340.7,54.1544,-97.1226,-0.840231,-0.542228
340.8,54.1675,-97.1254,-0.498492,-0.866895
340.9,54.1715,-97.1383,-0.531605,-0.846993
341,54.1663,-97.1437,-0.654982,-0.755645
341.1,54.1701,-97.1584,-0.524847,-0.851197
341.2,54.1888,-97.1823,-0.330836,-0.943688
341.3,54.1908,-97.2117,-0.471907,-0.881648
341.4,54.1898,-97.1911,-0.825799,-0.563965
341.5,54.1818,-97.1812,-0.783393,-0.621526
341.6,54.2304,-97.1462,0.153665,-0.988123
341.7,54.2757,-97.123,-0.0258002,-0.999667
341.8,54.3078,-97.1307,-0.226817,-0.973937
341.9,54.3256,-97.1646,-0.314022,-0.949416
342,54.3397,-97.1854,-0.408161,-0.91291
342.1,54.3367,-97.1963,-0.620839,-0.783938
342.2,54.331,-97.2132,-0.607433,-0.794371
342.3,54.3242,-97.266,-0.456502,-0.889722
342.4,54.3355,-97.2995,-0.388324,-0.921523
342.5,54.3816,-97.3344,-0.0158969,-0.999874
342.6,54.3933,-97.3587,-0.433088,-0.901352
342.7,54.3862,-97.3932,-0.543034,-0.83971
342.8,54.3321,-97.4107,-0.832039,-0.554717
342.9,54.2667,-97.477,-0.695567,-0.718461
343,54.2332,-97.5204,-0.654047,-0.756454
343.1,54.2385,-97.5954,-0.322226,-0.946663
343.2,54.2012,-97.644,-0.654584,-0.755989
343.3,54.1729,-97.721,-0.517035,-0.855964
343.4,54.0946,-97.8003,-0.701108,-0.713055
343.5,54.0092,-97.9052,-0.654579,-0.755994
343.6,53.8941,-97.9699,-0.819503,-0.573074
343.7,53.7959,-98.0342,-0.788203,-0.615415
343.8,53.7861,-98.0655,-0.579578,-0.814916
343.9,53.7605,-98.0348,-0.966051,-0.258351
344,53.7198,-98.0473,-0.814974,-0.579497
344.1,53.6902,-98.011,-0.982561,-0.185942
344.2,53.7003,-97.9653,-0.988507,-0.151174
344.3,53.6739,-97.9505,-0.895018,-0.44603
344.4,53.6937,-97.982,-0.309858,-0.950783
344.5,53.6665,-97.9966,-0.747944,-0.663762
344.6,53.6524,-97.963,-0.959624,-0.281286
344.7,53.6334,-97.9736,-0.725583,-0.688135
344.8,53.6067,-98.0336,-0.54947,-0.835514
344.9,53.6235,-98.0955,-0.257305,-0.96633
345,53.6377,-98.1835,-0.23299,-0.972479
345.1,53.6401,-98.2871,-0.285409,-0.958406
345.2,53.6888,-98.3719,-0.00252918,-0.999997
345.3,53.742,-98.4624,0.023907,-0.999714
345.4,53.8036,-98.5036,0.118864,-0.992911
345.5,53.827,-98.5249,-0.378839,-0.925463
345.6,53.8302,-98.5502,-0.557366,-0.830267
345.7,53.8905,-98.5467,0.189029,-0.981971
345.8,53.9201,-98.5527,-0.398873,-0.917006
345.9,53.9271,-98.5723,-0.569282,-0.822142
346,53.9627,-98.6141,-0.19145,-0.981502
346.1,53.9675,-98.7041,-0.336304,-0.941754
346.2,53.9285,-98.7802,-0.609157,-0.79305
346.3,53.8838,-98.891,-0.53732,-0.843378
346.4,53.8549,-98.9544,-0.615069,-0.788473
346.5,53.7759,-99.0173,-0.783314,-0.621626
346.6,53.7297,-99.0423,-0.828284,-0.560309
346.7,53.6371,-99.0488,-0.947085,-0.320984
346.8,53.5163,-99.0966,-0.885549,-0.464546
346.9,53.4072,-99.1238,-0.915062,-0.403312
347,53.3237,-99.1081,-0.977696,-0.210023
347.1,53.2158,-99.1382,-0.903957,-0.427623
347.2,53.1498,-99.0847,-0.998263,0.058915
347.3,53.0983,-99.0303,-0.997817,0.0660391
347.4,53.0644,-99.0228,-0.900125,-0.435631
347.5,53.0389,-98.9661,-0.994597,0.103807
347.6,52.9758,-98.8678,-0.917392,0.397985
347.7,53.0499,-98.7361,0.305226,0.95228
347.8,53.0445,-98.6022,-0.541238,0.840869
347.9,53.0128,-98.5355,-0.983245,0.182287
348,52.9473,-98.4608,-0.981128,0.193361
348.1,52.9384,-98.4324,-0.903662,-0.428247
348.2,53.0171,-98.4576,0.395513,-0.918461
348.3,53.0435,-98.5399,-0.138403,-0.990376
348.4,53.017,-98.5991,-0.545469,-0.838131
348.5,52.9583,-98.6688,-0.652776,-0.757551
348.6,52.9113,-98.7358,-0.616891,-0.787048
348.7,52.8042,-98.7811,-0.844336,-0.535815
348.8,52.7227,-98.8693,-0.670507,-0.741903
348.9,52.6214,-98.9497,-0.741442,-0.671017
349,52.6526,-99.0174,-0.118357,-0.992971
349.1,52.7866,-99.0932,0.563711,-0.825972
349.2,52.8425,-99.1625,0.0622468,-0.998061
349.3,52.787,-99.2566,-0.590344,-0.807151
349.4,52.8116,-99.3402,-0.187422,-0.98228
349.5,52.8092,-99.3864,-0.49205,-0.870567
349.6,52.8181,-99.3759,-0.750262,-0.661141
349.7,52.7997,-99.315,-0.982571,0.185886
349.8,52.7829,-99.2798,-0.981392,-0.192013
349.9,52.8625,-99.376,0.199861,-0.979824
350,52.896,-99.4986,-0.106285,-0.994336
350.1,52.9842,-99.5571,0.320211,-0.947346
350.2,53.1181,-99.4669,0.867272,0.497835
350.3,53.2108,-99.4709,0.622978,-0.78224
350.4,53.2768,-99.5112,0.130657,-0.991428
350.5,53.3442,-99.5191,0.22547,-0.97425
350.6,53.3053,-99.5887,-0.649533,-0.760334
350.7,53.2825,-99.6292,-0.696576,-0.717483
350.8,53.3093,-99.6754,-0.324378,-0.945928
350.9,53.37,-99.7585,0.0271988,-0.99963
351,53.4021,-99.7619,-0.526116,-0.850413
351.1,53.4592,-99.7968,-0.018872,-0.999822
351.2,53.5663,-99.8109,0.679807,-0.733391
351.3,53.6555,-99.7464,0.726802,0.686847
351.4,53.7171,-99.7132,0.726802,0.686847
351.5,53.789,-99.6968,0.51838,-0.855151
351.6,53.8695,-99.6807,0.715462,-0.698652
351.7,53.9151,-99.6288,-0.673929,0.738796
351.8,53.9135,-99.5603,-0.885422,0.464788
351.9,53.9055,-99.5409,-0.967451,-0.25306
352,53.8675,-99.5058,-0.999755,-0.0221449
352.1,53.8039,-99.4732,-0.999056,-0.0434406
352.2,53.7521,-99.3919,-0.932982,0.359923
352.3,53.7419,-99.2975,-0.778971,0.62706
352.4,53.6904,-99.3006,-0.926334,-0.376704
352.5,53.6188,-99.3106,-0.928221,-0.37203
352.6,53.5495,-99.2579,-0.996212,0.0869598
352.7,53.5242,-99.2262,-0.990603,-0.136769
352.8,53.4713,-99.2362,-0.896922,-0.442189
352.9,53.4229,-99.2747,-0.782503,-0.622648
353,53.4268,-99.2689,-0.802405,-0.59678
353.1,53.4402,-99.2928,-0.521833,-0.853048
353.2,53.6085,-99.1917,0.890746,0.454502
353.3,53.7561,-99.2252,0.770655,-0.637253
353.4,53.8656,-99.2264,0.778501,-0.627643
353.5,53.9485,-99.2286,0.518754,-0.854923
353.6,54.023,-99.2206,0.471064,-0.882099
353.7,54.0913,-99.2378,0.184509,-0.982831
353.8,54.1097,-99.2514,-0.599995,-0.800004
353.9,54.1498,-99.2755,-0.276738,-0.960945
354,54.1884,-99.3495,-0.174238,-0.984704
354.1,54.1296,-99.4146,-0.754662,-0.656114
354.2,54.0913,-99.479,-0.693122,-0.72082
354.3,54.029,-99.4995,-0.90522,-0.424943
354.4,53.9485,-99.4734,-0.997007,-0.077317
354.5,53.9024,-99.4111,-0.973731,0.2277
354.6,53.8661,-99.3112,-0.839669,0.543098
354.7,53.8106,-99.233,-0.947015,0.321191
354.8,53.7473,-99.2329,-0.946099,-0.323878
354.9,53.7765,-99.2671,-0.337541,-0.941311
355,53.7582,-99.2997,-0.713117,-0.701045
355.1,53.7767,-99.2814,-0.862836,-0.505484
355.2,53.74,-99.2672,-0.961509,-0.274775
355.3,53.6711,-99.2362,-0.996683,-0.0813871
355.4,53.6306,-99.1884,-0.998291,0.0584297
355.5,53.6464,-99.0937,-0.606183,0.795325
355.6,53.6279,-99.1197,-0.724441,-0.689337
355.7,53.6547,-99.1281,-0.475329,-0.879808
355.8,53.6592,-99.109,-0.902547,-0.430591
355.9,53.713,-99.0986,-0.0350868,-0.999384
356,53.7579,-99.0585,-0.0350868,-0.999384
356.1,53.7883,-99.0663,-0.437654,-0.899143
356.2,53.7996,-99.0662,-0.71699,-0.697084
356.3,53.7646,-99.0846,-0.828182,-0.56046
356.4,53.6631,-99.1624,-0.792635,-0.609696
356.5,53.5404,-99.2854,-0.731616,-0.681717
356.6,53.3996,-99.3603,-0.858143,-0.513411
356.7,53.3035,-99.4577,-0.733541,-0.679645
356.8,53.2986,-99.4092,-0.995346,0.0963646
356.9,53.3608,-99.3844,0.361447,-0.932393
357,53.3985,-99.4271,-0.200346,-0.979725
357.1,53.4566,-99.4452,0.0381334,-0.999273
357.2,53.4828,-99.4788,-0.371275,-0.928523
357.3,53.5174,-99.5555,-0.185065,-0.982726
357.4,53.5913,-99.6015,0.18819,-0.982133
357.5,53.6278,-99.6142,-0.387107,-0.922035
357.6,53.616,-99.6501,-0.686895,-0.726756
357.7,53.5601,-99.6589,-0.925402,-0.378988
357.8,53.5151,-99.6608,-0.931786,-0.363009
357.9,53.4214,-99.6738,-0.94647,-0.322791
358,53.3777,-99.6848,-0.896147,-0.443757
358.1,53.3118,-99.6862,-0.949178,-0.31474
358.2,53.4044,-99.6531,0.980692,-0.19556
358.3,53.5281,-99.6467,0.892854,-0.450346
358.4,53.6311,-99.6289,0.905589,-0.424156
358.5,53.6889,-99.6322,-0.0212728,-0.999774
358.6,53.7697,-99.6009,0.959127,-0.282977
358.7,53.7901,-99.6669,-0.349656,-0.936878
358.8,53.7615,-99.7227,-0.690044,-0.723767
358.9,53.6973,-99.7528,-0.881862,-0.471507
359,53.6231,-99.8319,-0.757576,-0.652748
359.1,53.5795,-99.9054,-0.687634,-0.726057
359.2,53.5304,-99.8556,-0.991386,0.13097
359.3,53.5226,-99.774,-0.831365,0.555726
359.4,53.562,-99.7261,-0.881627,0.471948
359.5,53.633,-99.7116,0.458633,-0.888626
359.6,53.7376,-99.7392,0.572501,-0.819904
359.7,53.8441,-99.7168,0.958618,-0.284695
359.8,53.9156,-99.7562,0.149024,-0.988834
359.9,53.9586,-99.7658,-0.370194,-0.928954
360,53.9645,-99.7699,-0.820312,-0.571916
360.1,53.9469,-99.743,-0.995491,-0.094858
360.2,53.8996,-99.7294,-0.981462,-0.191656
360.3,53.8719,-99.6697,-0.963634,0.267226
360.4,53.8356,-99.6128,-0.977434,0.211243
360.5,53.8241,-99.5993,-0.949274,-0.31445
360.6,53.8555,-99.6113,-0.491853,-0.870678
360.7,53.8421,-99.6453,-0.717075,-0.696996
360.8,53.8266,-99.6293,-0.964421,-0.26437
360.9,53.7633,-99.5983,-0.998857,-0.0477929
361,53.7467,-99.5854,-0.950427,-0.310949
361.1,53.7138,-99.5289,-0.97995,0.199246
361.2,53.6325,-99.5506,-0.917484,-0.397773
361.3,53.5643,-99.6206,-0.756598,-0.653881
361.4,53.484,-99.6623,-0.864369,-0.502858
361.5,53.3967,-99.6741,-0.944047,-0.329812
361.6,53.3388,-99.6706,-0.954659,-0.2977
361.7,53.3079,-99.7093,-0.746708,-0.665152
361.8,53.3101,-99.7084,-0.817153,-0.576421
361.9,53.3317,-99.6922,-0.835996,-0.548736
362,53.386,-99.7131,-0.0544801,-0.998515
362.1,53.4153,-99.744,-0.378377,-0.925652
362.2,53.3659,-99.7434,-0.943198,-0.332231
362.3,53.2829,-99.7396,-0.970228,-0.242195
362.4,53.2107,-99.767,-0.888537,-0.458805
362.5,53.2037,-99.8058,-0.63317,-0.774012
362.6,53.2725,-99.7087,0.188038,0.982162
362.7,53.3345,-99.6382,0.150663,0.988585
362.8,53.3657,-99.597,-0.999637,0.0269319
362.9,53.3647,-99.6092,-0.738707,-0.674026
363,53.3147,-99.6113,-0.928981,-0.370128
363.1,53.2608,-99.5747,-0.999257,-0.0385349
363.2,53.2553,-99.5255,-0.992939,0.118627
363.3,53.2744,-99.5199,-0.706019,-0.708193
363.4,53.2494,-99.4906,-0.987254,-0.159154
363.5,53.2454,-99.5068,-0.709843,-0.70436
363.6,53.2438,-99.5272,-0.671568,-0.740943
363.7,53.2461,-99.5104,-0.901037,-0.433743
363.8,53.2578,-99.5284,-0.586745,-0.809772
363.9,53.3366,-99.5579,0.306363,-0.951915
364,53.4315,-99.5602,0.659912,-0.751343
364.1,53.4912,-99.5626,0.0626344,-0.998037
364.2,53.5808,-99.5248,0.997437,-0.0715521
364.3,53.6328,-99.5002,-0.342852,-0.939389
364.4,53.6525,-99.5138,-0.580775,-0.814064
364.5,53.6291,-99.5215,-0.865243,-0.501353
364.6,53.5759,-99.5692,-0.786416,-0.617697
364.7,53.4782,-99.594,-0.924558,-0.381042
364.8,53.3363,-99.5954,-0.979307,-0.202378
364.9,53.297,-99.5818,-0.961767,-0.273869
365,53.2597,-99.5683,-0.958595,-0.284774
365.1,53.2233,-99.5571,-0.949041,-0.315153
365.2,53.2048,-99.5321,-0.974101,-0.226115
365.3,53.1656,-99.5526,-0.831548,-0.555453
365.4,53.1139,-99.5247,-0.990432,-0.138001
365.5,53.0719,-99.4465,-0.941374,0.337364
365.6,53.0324,-99.3463,-0.859736,0.510739
365.7,53.0452,-99.2456,-0.590574,0.806983
365.8,53.0545,-99.1486,-0.647651,0.761937
365.9,53.0687,-99.1366,-0.719126,-0.69488
366,53.0507,-99.1573,-0.711095,-0.703096
366.1,53.0023,-99.2025,-0.731039,-0.682335
366.2,52.9763,-99.2012,-0.85687,-0.515533
366.3,52.976,-99.1277,-0.895006,0.446054
366.4,53.0301,-99.0659,-0.895006,0.446054
366.5,53.0795,-99.0378,-0.0450756,-0.998984
366.6,53.0962,-99.0094,-0.857709,-0.514135
366.7,53.0953,-99.0109,-0.715448,-0.698666
366.8,53.0833,-98.9917,-0.904053,-0.427421
366.9,53.0226,-98.9837,-0.93805,-0.3465
367,53.0005,-99.0076,-0.699051,-0.715072
367.1,52.9916,-98.9825,-0.923285,-0.384116
367.2,52.9792,-99.0082,-0.633242,-0.773954
367.3,52.9366,-99.091,-0.570565,-0.821252
367.4,52.8367,-99.1828,-0.727617,-0.685984
367.5,52.7571,-99.2438,-0.760911,-0.648856
367.6,52.6796,-99.309,-0.741962,-0.670442
367.7,52.6098,-99.3754,-0.716816,-0.697262
367.8,52.5175,-99.3258,-1,-0.000598309
367.9,52.4028,-99.2535,-0.99147,0.130335
368,52.3511,-99.2801,-0.776365,-0.630283
368.1,52.3444,-99.3702,-0.344726,-0.938703
368.2,52.3589,-99.5055,-0.168188,-0.985755
368.3,52.3732,-99.5116,-0.511551,-0.859253
368.4,52.4069,-99.512,-0.274365,-0.961626
368.5,52.3078,-99.4858,-0.986947,-0.161048
368.6,52.1691,-99.5019,-0.939639,-0.342166
368.7,52.0974,-99.5098,-0.888783,-0.458329
368.8,52.0855,-99.6071,-0.352939,-0.935646
368.9,52.0264,-99.7204,-0.534784,-0.844989
369,52.0169,-99.8281,-0.330463,-0.943819
369.1,52.0071,-99.879,-0.489737,-0.87187
369.2,51.9766,-99.9581,-0.517801,-0.855501
369.3,51.9791,-99.9815,-0.53128,-0.847197
369.4,51.94,-99.977,-0.888216,-0.459426
369.5,51.8658,-100.028,-0.771325,-0.636441
369.6,51.7874,-100.045,-0.88032,-0.474379
369.7,51.626,-99.9975,-0.999806,-0.0196713
369.8,51.4086,-100.033,-0.945388,-0.325948
369.9,51.3259,-100.092,-0.731397,-0.681952
370,51.3261,-100.08,-0.657482,-0.75347
370.1,51.2889,-100.069,-0.855432,-0.517915
370.2,51.2949,-100.033,-0.828128,-0.560539
370.3,51.3181,-100.046,-0.208078,-0.978112
370.4,51.3014,-100.04,-0.733284,-0.679923
370.5,51.3325,-100.003,-0.332135,-0.943232
370.6,51.3534,-99.9488,-0.977385,-0.21147
370.7,51.2848,-99.894,-0.999422,-0.033989
370.8,51.1207,-99.8863,-0.967942,-0.251175
370.9,50.9748,-99.8148,-0.998532,0.0541669
371,50.9284,-99.7311,-0.967118,0.25433
371.1,50.9096,-99.6606,-0.992111,0.125366
371.2,50.815,-99.7345,-0.65294,-0.75741
371.3,50.7009,-99.7726,-0.798202,-0.60239
371.4,50.6568,-99.7744,-0.688521,-0.725216
371.5,50.7497,-99.6979,0.991988,0.126336
371.6,50.8808,-99.6553,0.977018,-0.213158
371.7,51.0093,-99.6711,0.787485,-0.616333
371.8,51.1021,-99.6935,0.599853,-0.800111
371.9,51.1489,-99.7008,0.228924,-0.973444
372,51.1988,-99.7621,0.148721,-0.988879
372.1,51.2018,-99.8408,-0.209269,-0.977858
372.2,51.2528,-99.9524,0.0973285,-0.995252
372.3,51.2123,-99.9714,-0.698979,-0.715142
372.4,51.0671,-99.9706,-0.950411,-0.310998
372.5,50.9212,-100.113,-0.65721,-0.753708
372.6,50.818,-100.208,-0.647599,-0.761981
372.7,50.6558,-100.195,-0.967228,-0.253911
372.8,50.5665,-100.103,-0.974119,0.226037
372.9,50.5165,-100.029,-0.996291,0.0860483
373,50.467,-99.9818,-0.958269,-0.285869
373.1,50.4815,-99.9103,-0.958269,-0.285869
373.2,50.4539,-99.8552,-0.956729,-0.29098
373.3,50.385,-99.8756,-0.684628,-0.728893
373.4,50.3201,-99.9487,-0.478132,-0.878288
373.5,50.3326,-100.033,0.0108068,-0.999942
373.6,50.3517,-100.031,0.1106,-0.993865
373.7,50.3639,-100.019,-0.00138586,-0.999999
373.8,50.4365,-100.039,0.560269,-0.82831
373.9,50.5213,-99.9675,0.998934,0.0461597
374,50.5268,-99.9033,0.998934,0.0461597
374.1,50.4235,-99.8326,-0.999712,0.0240013
374.2,50.4247,-99.7926,-0.391138,-0.920332
374.3,50.4856,-99.7809,0.641117,-0.767443
374.4,50.5552,-99.7545,0.793253,-0.608892
374.5,50.5993,-99.7089,0.773202,-0.63416
374.6,50.5942,-99.7716,-0.172405,-0.985026
374.7,50.6484,-99.924,0.162443,-0.986718
374.8,50.8085,-100.024,0.640443,-0.768005
374.9,50.9186,-100.144,0.411973,-0.911196
375,50.9853,-100.181,0.336118,-0.94182
375.1,50.8942,-100.247,-0.697922,-0.716174
375.2,50.8517,-100.302,-0.537411,-0.843321
375.3,50.7801,-100.387,-0.572368,-0.819997
375.4,50.7498,-100.405,-0.599358,-0.800481
375.5,50.7336,-100.377,-0.792394,-0.61001
375.6,50.7758,-100.441,0.103426,-0.994637
375.7,50.7202,-100.485,-0.633379,-0.773842
375.8,50.6446,-100.434,-0.99359,-0.113045
375.9,50.5394,-100.424,-0.921817,-0.387626
376,50.4697,-100.464,-0.657959,-0.753054
376.1,50.4671,-100.476,-0.278995,-0.960293
376.2,50.5453,-100.414,0.996432,-0.0843966
376.3,50.6011,-100.437,0.347792,-0.937572
376.4,50.6123,-100.452,-0.170818,-0.985303
376.5,50.6024,-100.422,-0.714592,-0.699542
376.6,50.5632,-100.431,-0.652668,-0.757644
376.7,50.513,-100.48,-0.541392,-0.84077
376.8,50.4151,-100.544,-0.677212,-0.735788
376.9,50.2784,-100.583,-0.825811,-0.563947
377,50.2883,-100.646,-0.027922,-0.99961
377.1,50.2523,-100.789,-0.232798,-0.972525
377.2,50.2112,-100.938,-0.246344,-0.969182
377.3,50.1372,-100.971,-0.656048,-0.754719
377.4,49.9803,-100.947,-0.963581,-0.267418
377.5,49.9358,-101.144,-0.159703,-0.987165
377.6,49.8539,-101.305,-0.316039,-0.948746
377.7,49.7862,-101.369,-0.371463,-0.928448
377.8,49.7851,-101.382,0.260574,-0.965454
377.9,49.8297,-101.416,0.563308,-0.826247
378,49.8538,-101.403,0.623666,-0.781691
378.1,49.8442,-101.488,0.0456687,-0.998957
378.2,49.8761,-101.625,0.249134,-0.968469
378.3,49.7625,-101.708,-0.522297,-0.852764
378.4,49.7001,-101.832,-0.101973,-0.994787
378.5,49.6474,-101.965,0.0500995,-0.998744
378.6,49.7051,-102.084,0.711669,-0.702515
