0.1,-9.49119,77.4734
0.2,-9.47604,77.4275
0.3,-9.456,77.366
0.4,-9.43312,77.2922
0.5,-9.40773,77.2083
0.6,-9.38039,77.1164
0.7,-9.35135,77.0175
0.8,-9.32133,76.9125
0.9,-9.29063,76.8024
1,-9.2593,76.6879
1.1,-9.22723,76.5701
1.2,-9.19427,76.4498
1.3,-9.16041,76.3274
1.4,-9.12565,76.203
1.5,-9.09002,76.0768
1.6,-9.05312,75.9498
1.7,-9.01503,75.822
1.8,-8.97574,75.694
1.9,-8.93533,75.5658
2,-8.89358,75.4378
2.1,-8.85074,75.31
2.2,-8.807,75.1821
2.3,-8.76259,75.0541
2.4,-8.71785,74.926
2.5,-8.67276,74.7977
2.6,-8.62754,74.6696
2.7,-8.58358,74.5419
2.8,-8.54025,74.4145
2.9,-8.4971,74.2873
3,-8.4538,74.1603
3.1,-8.41015,74.0333
3.2,-8.36611,73.9065
3.3,-8.32171,73.7799
3.4,-8.27703,73.6535
3.5,-8.23207,73.5275
3.6,-8.18694,73.4019
3.7,-8.14174,73.2768
3.8,-8.09675,73.1522
3.9,-8.05199,73.0282
4,-8.00744,72.9047
4.1,-7.96312,72.7817
4.2,-7.919,72.6594
4.3,-7.87504,72.5376
4.4,-7.83115,72.4164
4.5,-7.78739,72.2957
4.6,-7.74366,72.1755
4.7,-7.69989,72.0558
4.8,-7.65601,71.9366
4.9,-7.61198,71.8179
5,-7.56781,71.6998
5.1,-7.52351,71.582
5.2,-7.47887,71.4645
5.3,-7.4339,71.3473
5.4,-7.38854,71.23
5.5,-7.34288,71.1124
5.6,-7.29677,70.9942
5.7,-7.25025,70.8755
5.8,-7.20311,70.7564
5.9,-7.15548,70.6368
6,-7.10744,70.5166
6.1,-7.05927,70.3957
6.2,-7.01085,70.2739
6.3,-6.96247,70.1514
6.4,-6.91426,70.0282
6.5,-6.86649,69.9039
6.6,-6.81988,69.7784
6.7,-6.77392,69.6512
6.8,-6.72808,69.5238
6.9,-6.68279,69.3961
7,-6.63865,69.2681
7.1,-6.59564,69.14
7.2,-6.55418,69.0115
7.3,-6.51251,68.8838
7.4,-6.47197,68.7565
7.5,-6.43242,68.6297
7.6,-6.39396,68.5033
7.7,-6.35651,68.3775
7.8,-6.32007,68.2521
7.9,-6.28443,68.127
8,-6.24951,68.0023
8.1,-6.21518,67.8778
8.2,-6.18123,67.7538
8.3,-6.14754,67.6302
8.4,-6.11386,67.5069
8.5,-6.08029,67.384
8.6,-6.04674,67.2613
8.7,-6.0131,67.1388
8.8,-5.97929,67.0164
8.9,-5.94551,66.894
9,-5.91197,66.7722
9.1,-5.87867,66.6514
9.2,-5.84559,66.5311
9.3,-5.81276,66.412
9.4,-5.78007,66.2929
9.5,-5.74722,66.1747
9.6,-5.7118,66.061
9.7,-5.67689,65.9478
9.8,-5.64226,65.8362
9.9,-5.60769,65.7259
10,-5.57324,65.6178
10.1,-5.53828,65.5114
10.2,-5.50238,65.4076
10.3,-5.46516,65.3051
10.4,-5.42639,65.2045
10.5,-5.386,65.1052
10.6,-5.34388,65.0071
10.7,-5.30308,64.903
10.8,-5.26346,64.8043
10.9,-5.22324,64.7084
11,-5.18108,64.6147
11.1,-5.13871,64.5239
11.2,-5.09558,64.4327
11.3,-5.05235,64.341
11.4,-5.00976,64.25
11.5,-4.96769,64.1581
11.6,-4.92545,64.0667
11.7,-4.88385,63.975
11.8,-4.84328,63.8839
11.9,-4.8032,63.7937
12,-4.76345,63.7039
12.1,-4.72393,63.6143
12.2,-4.68488,63.5239
12.3,-4.64557,63.4334
12.4,-4.60624,63.3417
12.5,-4.5662,63.2503
12.6,-4.52604,63.1579
12.7,-4.48531,63.0648
12.8,-4.44446,62.9697
12.9,-4.40288,62.8734
13,-4.36133,62.7754
13.1,-4.31904,62.6759
13.2,-4.27712,62.5745
13.3,-4.23524,62.4716
13.4,-4.19447,62.3669
13.5,-4.15438,62.2612
13.6,-4.11557,62.1545
13.7,-4.07773,62.0474
13.8,-4.04067,61.9401
13.9,-4.00422,61.8328
14,-3.96819,61.7258
14.1,-3.93244,61.6193
14.2,-3.89694,61.5143
14.3,-3.86176,61.4105
14.4,-3.82715,61.3082
14.5,-3.79315,61.2073
14.6,-3.75973,61.1078
14.7,-3.72669,61.0092
14.8,-3.69389,60.9115
14.9,-3.66113,60.8141
15,-3.62816,60.7173
15.1,-3.59478,60.6206
15.2,-3.56088,60.524
15.3,-3.52637,60.4271
15.4,-3.49138,60.3305
15.5,-3.45586,60.2337
15.6,-3.41979,60.1366
15.7,-3.3831,60.039
15.8,-3.34576,59.9407
15.9,-3.30771,59.8417
16,-3.26893,59.7419
16.1,-3.2294,59.6412
16.2,-3.18914,59.5394
16.3,-3.14826,59.4365
16.4,-3.10669,59.3327
16.5,-3.06459,59.2277
16.6,-3.02219,59.1214
16.7,-2.97972,59.0136
16.8,-2.93745,58.9043
16.9,-2.89557,58.7938
17,-2.85416,58.6824
17.1,-2.81323,58.5707
17.2,-2.77269,58.4591
17.3,-2.73244,58.3476
17.4,-2.69238,58.2363
17.5,-2.65243,58.1251
17.6,-2.61253,58.0139
17.7,-2.57267,57.9028
17.8,-2.5328,57.7915
17.9,-2.49295,57.6799
18,-2.45314,57.5681
18.1,-2.41344,57.4559
18.2,-2.37397,57.3433
18.3,-2.33486,57.2301
18.4,-2.2963,57.1164
18.5,-2.25844,57.0021
18.6,-2.22145,56.8872
18.7,-2.18545,56.7721
18.8,-2.15043,56.6568
18.9,-2.11635,56.5416
19,-2.08311,56.4269
19.1,-2.05091,56.3133
19.2,-2.01938,56.201
19.3,-1.98819,56.0901
19.4,-1.95708,55.9805
19.5,-1.92585,55.8722
19.6,-1.89445,55.7651
19.7,-1.86284,55.6589
19.8,-1.83108,55.5534
19.9,-1.79922,55.4483
20,-1.76735,55.3436
20.1,-1.73553,55.239
20.2,-1.70381,55.1344
20.3,-1.67231,55.0298
20.4,-1.64111,54.9252
20.5,-1.61025,54.8206
20.6,-1.57978,54.7157
20.7,-1.54971,54.6107
20.8,-1.51993,54.5056
20.9,-1.49049,54.4004
21,-1.46149,54.295
21.1,-1.43156,54.1897
21.2,-1.40305,54.0844
21.3,-1.37416,53.9796
21.4,-1.34547,53.8754
21.5,-1.31704,53.7718
21.6,-1.28892,53.669
21.7,-1.26133,53.5678
21.8,-1.23373,53.468
21.9,-1.20609,53.369
22,-1.17848,53.2708
22.1,-1.15096,53.173
22.2,-1.12355,53.0754
22.3,-1.09624,52.9778
22.4,-1.06912,52.8803
22.5,-1.04233,52.7831
22.6,-1.01601,52.6863
22.7,-0.990222,52.5902
22.8,-0.963512,52.495
22.9,-0.936271,52.4002
23,-0.908477,52.3055
23.1,-0.880205,52.2103
23.2,-0.851592,52.1145
23.3,-0.822474,52.0178
23.4,-0.793008,51.9198
23.5,-0.764458,51.8208
23.6,-0.736217,51.7204
23.7,-0.711284,51.6193
23.8,-0.68528,51.5167
23.9,-0.660205,51.4127
24,-0.635193,51.3072
24.1,-0.609873,51.2003
24.2,-0.584154,51.092
24.3,-0.558188,50.9829
24.4,-0.531872,50.8728
24.5,-0.505362,50.762
24.6,-0.478454,50.6499
24.7,-0.451285,50.5369
24.8,-0.424014,50.423
24.9,-0.39673,50.3082
25,-0.369621,50.1926
25.1,-0.342611,50.0768
25.2,-0.315284,49.9607
25.3,-0.288365,49.8443
25.4,-0.261911,49.7278
25.5,-0.235769,49.6113
25.6,-0.209738,49.4951
25.7,-0.183531,49.379
25.8,-0.157025,49.2631
25.9,-0.13019,49.1474
26,-0.103161,49.032
26.1,-0.0759307,48.9168
26.2,-0.048483,48.8019
26.3,-0.0209636,48.6871
26.4,0.00651673,48.5722
26.5,0.03388,48.4577
26.6,0.0611736,48.3435
26.7,0.0890881,48.23
26.8,0.117237,48.1172
26.9,0.145497,48.0047
27,0.173891,47.8925
27.1,0.202332,47.7807
27.2,0.230977,47.6696
27.3,0.259736,47.5589
27.4,0.288623,47.4487
27.5,0.317645,47.339
27.6,0.346683,47.2292
27.7,0.375562,47.1194
27.8,0.404143,47.0089
27.9,0.432249,46.8989
28,0.460223,46.7882
28.1,0.488216,46.6792
28.2,0.516097,46.5687
28.3,0.546449,46.4632
28.4,0.575316,46.3533
28.5,0.60733,46.247
28.6,0.638277,46.1359
28.7,0.671946,46.028
28.8,0.706871,45.9195
28.9,0.742178,45.8101
29,0.778216,45.7002
29.1,0.813992,45.5889
29.2,0.849855,45.4764
29.3,0.885225,45.3625
29.4,0.919635,45.247
29.5,0.952811,45.13
29.6,0.984567,45.0118
29.7,1.01506,44.8936
29.8,1.04441,44.7764
29.9,1.07421,44.6621
30,1.10439,44.5492
30.1,1.13499,44.4376
30.2,1.16611,44.3271
30.3,1.19768,44.2181
30.4,1.2294,44.1101
30.5,1.26149,44.0033
30.6,1.29384,43.8971
30.7,1.32644,43.7915
30.8,1.35928,43.6865
30.9,1.3924,43.5818
31,1.42587,43.4774
31.1,1.45968,43.3731
31.2,1.49373,43.269
31.3,1.52825,43.1658
31.4,1.56306,43.063
31.5,1.59802,42.9606
31.6,1.63307,42.8585
31.7,1.66815,42.7575
31.8,1.70303,42.6577
31.9,1.73756,42.559
32,1.77168,42.461
32.1,1.80528,42.3638
32.2,1.83873,42.2686
32.3,1.87184,42.1746
32.4,1.90478,42.0809
32.5,1.93757,41.9876
32.6,1.97027,41.8944
32.7,2.00288,41.8014
32.8,2.03542,41.7084
32.9,2.06788,41.6153
33,2.10043,41.5219
33.1,2.13336,41.4291
33.2,2.16649,41.3363
33.3,2.19967,41.2441
33.4,2.2327,41.1523
33.5,2.26545,41.0608
33.6,2.29782,40.9693
33.7,2.32981,40.8777
33.8,2.36148,40.7858
33.9,2.39312,40.6947
34,2.42461,40.6035
34.1,2.45591,40.5121
34.2,2.48726,40.4206
34.3,2.51864,40.3287
34.4,2.55022,40.2364
34.5,2.58202,40.1433
34.6,2.61403,40.0492
34.7,2.64626,39.954
34.8,2.67865,39.8578
34.9,2.71122,39.7604
35,2.74411,39.6612
35.1,2.77782,39.5609
35.2,2.81216,39.459
35.3,2.84722,39.3554
35.4,2.8829,39.2502
35.5,2.91917,39.1433
35.6,2.95555,39.0351
35.7,2.99228,38.9254
35.8,3.02945,38.8145
35.9,3.06767,38.705
36,3.10613,38.5952
36.1,3.14475,38.4852
36.2,3.18283,38.3749
36.3,3.22031,38.2642
36.4,3.2574,38.1536
36.5,3.29407,38.043
36.6,3.33041,37.9323
36.7,3.36645,37.8216
36.8,3.40222,37.7106
36.9,3.4377,37.5995
37,3.47315,37.488
37.1,3.50844,37.3762
37.2,3.5436,37.2637
37.3,3.57929,37.1535
37.4,3.61502,37.0439
37.5,3.6506,36.9342
37.6,3.6862,36.8243
37.7,3.72222,36.714
37.8,3.75851,36.6031
37.9,3.79487,36.4917
38,3.83128,36.3798
38.1,3.86778,36.2672
38.2,3.90427,36.1544
38.3,3.94157,36.0433
38.4,3.97926,35.9333
38.5,4.01715,35.8243
38.6,4.05519,35.716
38.7,4.09338,35.6082
38.8,4.13176,35.5009
38.9,4.1704,35.3939
39,4.20928,35.287
39.1,4.24845,35.1798
39.2,4.28734,35.0724
39.3,4.32607,34.9645
39.4,4.36426,34.8562
39.5,4.40177,34.7476
39.6,4.4385,34.6387
39.7,4.47445,34.5297
39.8,4.50977,34.4206
39.9,4.54452,34.3115
40,4.57873,34.2029
40.1,4.61246,34.0953
40.2,4.64568,33.9886
40.3,4.6783,33.8823
40.4,4.71037,33.7766
40.5,4.74211,33.671
40.6,4.77347,33.5653
40.7,4.80692,33.4606
40.8,4.8416,33.3571
40.9,4.87715,33.2549
41,4.91333,33.1542
41.1,4.94968,33.055
41.2,4.98576,32.9576
41.3,5.02099,32.8616
41.4,5.05539,32.7666
41.5,5.08877,32.6721
41.6,5.12136,32.5778
41.7,5.15325,32.4829
41.8,5.18465,32.3875
41.9,5.21563,32.2912
42,5.24649,32.194
42.1,5.2777,32.0957
42.2,5.30982,31.9961
42.3,5.34351,31.8953
42.4,5.37979,31.7931
42.5,5.41796,31.6892
42.6,5.45895,31.583
42.7,5.50195,31.4748
42.8,5.54701,31.3648
42.9,5.59391,31.2534
43,5.64239,31.1407
43.1,5.69295,31.0271
43.2,5.74367,30.9123
43.3,5.79628,30.7967
43.4,5.85055,30.6799
43.5,5.90607,30.5618
43.6,5.96097,30.4433
43.7,6.01344,30.3255
43.8,6.06656,30.2075
43.9,6.11741,30.0952
44,6.17372,29.9818
44.1,6.2276,29.8743
44.2,6.28338,29.7655
44.3,6.33478,29.6611
44.4,6.38986,29.5555
44.5,6.44075,29.4577
44.6,6.49671,29.3571
44.7,6.54697,29.2608
44.8,6.59641,29.1638
44.9,6.64436,29.0677
45,6.69162,28.9721
45.1,6.73815,28.8767
45.2,6.78404,28.7809
45.3,6.82919,28.6844
45.4,6.87337,28.5875
45.5,6.91669,28.4891
45.6,6.96024,28.3895
45.7,7.00264,28.2898
45.8,7.04371,28.1891
45.9,7.08367,28.0856
46,7.10214,27.9594
46.1,7.13302,27.8463
46.2,7.15569,27.7365
46.3,7.18756,27.6186
46.4,7.22912,27.5159
46.5,7.22614,27.3905
46.6,7.24748,27.2641
46.7,7.27728,27.1869
46.8,7.30407,27.0599
46.9,7.34228,26.9214
47,7.37487,26.7909
47.1,7.41425,26.652
47.2,7.44826,26.5227
47.3,7.48237,26.3921
47.4,7.51469,26.2635
47.5,7.54734,26.1273
47.6,7.58216,26.0066
47.7,7.61819,25.8789
47.8,7.65779,25.7641
47.9,7.69684,25.6399
48,7.74045,25.5191
48.1,7.78098,25.3933
48.2,7.82791,25.2721
48.3,7.86225,25.1462
48.4,7.90898,25.0237
48.5,7.93922,24.8922
48.6,7.98268,24.7632
48.7,8.02292,24.6387
48.8,8.06255,24.5108
48.9,8.09962,24.3877
49,8.13514,24.2606
49.1,8.16759,24.1376
49.2,8.19876,24.0108
49.3,8.18371,23.9032
49.4,8.18777,23.8418
49.5,8.19072,23.7409
49.6,8.20741,23.6374
49.7,8.22421,23.4962
49.8,8.23231,23.3632
49.9,8.23954,23.2288
50,8.24295,23.0987
50.1,8.24609,22.9715
50.2,8.24913,22.8475
50.3,8.25362,22.7256
50.4,8.25974,22.6063
50.5,8.26995,22.4909
50.6,8.28349,22.3781
50.7,8.3002,22.2676
50.8,8.31676,22.1593
50.9,8.33211,22.0538
51,8.34797,21.9508
51.1,8.36399,21.8528
51.2,8.38355,21.7553
51.3,8.40596,21.6635
51.4,8.43101,21.5707
51.5,8.45263,21.4835
51.6,8.47741,21.3932
51.7,8.49033,21.3193
51.8,8.50839,21.2281
51.9,8.49897,21.1786
52,8.49477,21.0997
52.1,8.50003,21.0146
52.2,8.51183,20.929
52.3,8.52225,20.8435
52.4,8.53249,20.7526
52.5,8.54127,20.6761
52.6,8.5572,20.5982
52.7,8.57685,20.5261
52.8,8.6008,20.4533
52.9,8.62843,20.3818
53,8.65906,20.3098
53.1,8.69229,20.2377
53.2,8.72771,20.1659
53.3,8.76453,20.0938
53.4,8.80281,20.0214
53.5,8.8428,19.9483
53.6,8.88488,19.8747
53.7,8.929,19.7998
53.8,8.97561,19.7239
53.9,9.024,19.6459
54,9.07319,19.5657
54.1,9.1223,19.4839
54.2,9.1701,19.4015
54.3,9.21599,19.3193
54.4,9.25993,19.2377
54.5,9.30248,19.1563
54.6,9.3445,19.076
54.7,9.38673,18.9965
54.8,9.42981,18.9175
54.9,9.47415,18.8387
55,9.51997,18.7599
55.1,9.56728,18.6806
55.2,9.61598,18.6005
55.3,9.66583,18.5193
55.4,9.71646,18.4367
55.5,9.76691,18.3526
55.6,9.81291,18.2669
55.7,9.85079,18.178
55.8,9.88886,18.0872
55.9,9.92134,17.9883
56,9.95777,17.89
56.1,9.98687,17.7722
56.2,10.0245,17.6624
56.3,10.0578,17.5227
56.4,10.0996,17.397
56.5,10.1403,17.2844
56.6,10.1716,17.1584
56.7,10.2038,17.0331
56.8,10.2332,16.9052
56.9,10.2616,16.7765
57,10.2888,16.6465
57.1,10.3154,16.517
57.2,10.3409,16.3869
57.3,10.3652,16.2563
57.4,10.3891,16.1249
57.5,10.4125,15.9922
57.6,10.4372,15.8606
57.7,10.462,15.7284
57.8,10.4877,15.5966
57.9,10.5135,15.4646
58,10.5396,15.333
58.1,10.5657,15.2014
58.2,10.592,15.0707
58.3,10.6186,14.9411
58.4,10.6452,14.8131
58.5,10.6712,14.6833
58.6,10.6968,14.5573
58.7,10.7228,14.4289
58.8,10.7503,14.3033
58.9,10.7791,14.18
59,10.809,14.0592
59.1,10.8397,13.9402
59.2,10.8712,13.8236
59.3,10.9031,13.708
59.4,10.9349,13.5938
59.5,10.9663,13.4801
59.6,10.9975,13.3689
59.7,11.028,13.2577
59.8,11.0587,13.1471
59.9,11.0897,13.0367
60,11.1213,12.9267
60.1,11.1531,12.817
60.2,11.1852,12.7079
60.3,11.2171,12.5987
60.4,11.2492,12.49
60.5,11.2807,12.381
60.6,11.3117,12.2724
60.7,11.3423,12.1635
60.8,11.3729,12.0544
60.9,11.4043,11.9481
61,11.4363,11.8416
61.1,11.469,11.7349
61.2,11.5023,11.628
61.3,11.5368,11.521
61.4,11.572,11.4145
61.5,11.6088,11.3081
61.6,11.6454,11.2036
61.7,11.6815,11.1016
61.8,11.7187,10.999
61.9,11.7607,10.8943
62,11.7993,10.7968
62.1,11.8374,10.6978
62.2,11.8766,10.5981
62.3,11.9115,10.5013
62.4,11.9444,10.4041
62.5,11.9764,10.3079
62.6,12.0017,10.2108
62.7,12.0298,10.1151
62.8,12.0497,10.0142
62.9,12.0744,9.91665
63,12.0965,9.81589
63.1,12.1195,9.71548
63.2,12.1422,9.61294
63.3,12.1652,9.50933
63.4,12.1884,9.4045
63.5,12.2118,9.29838
63.6,12.2355,9.19113
63.7,12.259,9.08265
63.8,12.2834,8.9739
63.9,12.3124,8.86422
64,12.3412,8.75341
64.1,12.3675,8.64523
64.2,12.3918,8.53831
64.3,12.4145,8.43066
64.4,12.4366,8.32361
64.5,12.4583,8.21538
64.6,12.4801,8.10655
64.7,12.5021,7.99641
64.8,12.5251,7.88535
64.9,12.5512,7.77234
65,12.5793,7.66203
65.1,12.6086,7.55097
65.2,12.6419,7.43502
65.3,12.6716,7.28295
65.4,12.6888,7.17928
65.5,12.7146,7.07039
65.6,12.7429,6.95926
65.7,12.773,6.84659
65.8,12.805,6.73609
65.9,12.8381,6.62604
66,12.872,6.51643
66.1,12.9064,6.40683
66.2,12.9411,6.29752
66.3,12.9765,6.18862
66.4,13.0124,6.08003
66.5,13.0501,5.97405
66.6,13.0892,5.86928
66.7,13.1297,5.76525
66.8,13.1714,5.66191
66.9,13.2141,5.55905
67,13.2576,5.45679
67.1,13.3018,5.35524
67.2,13.3466,5.25428
67.3,13.3923,5.15347
67.4,13.4383,5.05297
67.5,13.4845,4.95187
67.6,13.5309,4.8524
67.7,13.5777,4.75423
67.8,13.6247,4.65795
67.9,13.6717,4.56331
68,13.7185,4.46988
68.1,13.7648,4.3771
68.2,13.8104,4.28432
68.3,13.8553,4.19096
68.4,13.8994,4.09662
68.5,13.9427,4.00115
68.6,13.9855,3.90449
68.7,14.028,3.80649
68.8,14.0703,3.70732
68.9,14.1126,3.60643
69,14.1549,3.50476
69.1,14.1972,3.4027
69.2,14.2396,3.30286
69.3,14.2823,3.20394
69.4,14.3253,3.10555
69.5,14.3685,3.00755
69.6,14.4123,2.90853
69.7,14.4563,2.81019
69.8,14.4998,2.71344
69.9,14.5432,2.61714
70,14.5865,2.52111
70.1,14.63,2.42486
70.2,14.6739,2.32836
70.3,14.7181,2.23158
70.4,14.7625,2.13517
70.5,14.807,2.0393
70.6,14.8514,1.94403
70.7,14.8956,1.84911
70.8,14.9393,1.75458
70.9,14.9827,1.66015
71,15.0255,1.56551
71.1,15.0679,1.47043
71.2,15.1098,1.3748
71.3,15.1514,1.27858
71.4,15.1927,1.18169
71.5,15.2337,1.08404
71.6,15.2755,0.986082
71.7,15.3178,0.887566
71.8,15.3602,0.7886
71.9,15.4023,0.689095
72,15.4441,0.588848
72.1,15.4855,0.487675
72.2,15.5265,0.385309
72.3,15.5673,0.281498
72.4,15.6081,0.176054
72.5,15.6489,0.0688519
72.6,15.69,-0.0401702
72.7,15.7317,-0.150949
72.8,15.7741,-0.263441
72.9,15.8175,-0.377455
73,15.8619,-0.492803
73.1,15.9075,-0.609307
73.2,15.9542,-0.726811
73.3,16.0021,-0.845146
73.4,16.0511,-0.964168
73.5,16.1012,-1.08374
73.6,16.1521,-1.20374
73.7,16.2038,-1.32406
73.8,16.2563,-1.44461
73.9,16.3094,-1.56517
74,16.3628,-1.686
74.1,16.4164,-1.80695
74.2,16.4701,-1.92788
74.3,16.5238,-2.04864
74.4,16.5773,-2.16874
74.5,16.6301,-2.28788
74.6,16.6822,-2.40572
74.7,16.7333,-2.522
74.8,16.7836,-2.63655
74.9,16.8332,-2.74949
75,16.8819,-2.86091
75.1,16.9297,-2.97093
75.2,16.9761,-3.07959
75.3,17.0209,-3.18691
75.4,17.0635,-3.29286
75.5,17.1042,-3.39749
75.6,17.1427,-3.5008
75.7,17.1795,-3.60274
75.8,17.2145,-3.70324
75.9,17.2484,-3.80222
76,17.2815,-3.89958
76.1,17.3144,-3.99528
76.2,17.3477,-4.08955
76.3,17.3817,-4.18262
76.4,17.4163,-4.27476
76.5,17.4511,-4.36623
76.6,17.4857,-4.45716
76.7,17.5197,-4.54754
76.8,17.5528,-4.63742
76.9,17.5853,-4.72639
77,17.6175,-4.81454
77.1,17.6493,-4.90193
77.2,17.6811,-4.98868
77.3,17.713,-5.07495
77.4,17.7456,-5.15989
77.5,17.7792,-5.24431
77.6,17.8143,-5.3278
77.7,17.8507,-5.41089
77.8,17.8884,-5.49336
77.9,17.9273,-5.57548
78,17.9674,-5.6573
78.1,18.0085,-5.7391
78.2,18.0506,-5.82099
78.3,18.0933,-5.90314
78.4,18.1365,-5.9856
78.5,18.1799,-6.06808
78.6,18.2233,-6.15054
78.7,18.2664,-6.233
78.8,18.309,-6.31524
78.9,18.3511,-6.39731
79,18.3926,-6.4793
79.1,18.4335,-6.56137
79.2,18.4739,-6.6435
79.3,18.5138,-6.72594
79.4,18.5535,-6.80888
79.5,18.5928,-6.89229
79.6,18.6322,-6.97645
79.7,18.6717,-7.06131
79.8,18.7116,-7.14727
79.9,18.7519,-7.23424
80,18.7929,-7.32238
80.1,18.8343,-7.4118
80.2,18.8764,-7.50246
80.3,18.9191,-7.59428
80.4,18.9621,-7.68722
80.5,19.0055,-7.78131
80.6,19.0492,-7.87646
80.7,19.0933,-7.97239
80.8,19.1377,-8.06923
80.9,19.1825,-8.16725
81,19.2275,-8.26637
81.1,19.2726,-8.36673
81.2,19.3175,-8.46832
81.3,19.3618,-8.57095
81.4,19.4054,-8.67441
81.5,19.4482,-8.77843
81.6,19.4903,-8.88248
81.7,19.5317,-8.9865
81.8,19.5727,-9.09058
81.9,19.6133,-9.19468
82,19.6536,-9.29887
82.1,19.6938,-9.40318
82.2,19.7337,-9.50753
82.3,19.7733,-9.6117
82.4,19.8127,-9.71561
82.5,19.8519,-9.81928
82.6,19.891,-9.92281
82.7,19.9302,-10.0263
82.8,19.9696,-10.1298
82.9,20.0093,-10.2333
83,20.0494,-10.3368
83.1,20.0899,-10.4402
83.2,20.1309,-10.544
83.3,20.1724,-10.6484
83.4,20.2144,-10.7536
83.5,20.2568,-10.8596
83.6,20.2995,-10.9667
83.7,20.3426,-11.075
83.8,20.3859,-11.1845
83.9,20.4295,-11.295
84,20.4734,-11.4065
84.1,20.5175,-11.5191
84.2,20.5617,-11.6329
84.3,20.6059,-11.748
84.4,20.6499,-11.8647
84.5,20.6936,-11.9828
84.6,20.7368,-12.1025
84.7,20.7792,-12.2238
84.8,20.8207,-12.3464
84.9,20.8613,-12.4702
85,20.9011,-12.595
85.1,20.94,-12.7207
85.2,20.978,-12.8471
85.3,21.0153,-12.9739
85.4,21.052,-13.1011
85.5,21.0881,-13.2285
85.6,21.1237,-13.3559
85.7,21.1589,-13.4834
85.8,21.1938,-13.6109
85.9,21.2285,-13.7382
86,21.2629,-13.8653
86.1,21.2971,-13.9921
86.2,21.3313,-14.1186
86.3,21.3654,-14.2448
86.4,21.3995,-14.3705
86.5,21.4335,-14.4958
86.6,21.4675,-14.6205
86.7,21.5015,-14.7448
86.8,21.5354,-14.8686
86.9,21.5693,-14.992
87,21.6031,-15.115
87.1,21.6369,-15.2376
87.2,21.6707,-15.3599
87.3,21.7045,-15.4819
87.4,21.7383,-15.6034
87.5,21.7721,-15.7245
87.6,21.8057,-15.8452
87.7,21.8393,-15.9655
87.8,21.8728,-16.0854
87.9,21.9062,-16.2052
88,21.9395,-16.3247
88.1,21.9728,-16.4441
88.2,22.0061,-16.5635
88.3,22.0394,-16.6829
88.4,22.0726,-16.8024
88.5,22.1059,-16.9218
88.6,22.1391,-17.041
88.7,22.1723,-17.1599
88.8,22.2054,-17.2787
88.9,22.2384,-17.3973
89,22.2713,-17.5159
89.1,22.3041,-17.6346
89.2,22.3369,-17.7535
89.3,22.3696,-17.8726
89.4,22.4023,-17.992
89.5,22.4351,-18.112
89.6,22.468,-18.2325
89.7,22.5009,-18.3535
89.8,22.5339,-18.4751
89.9,22.567,-18.5974
90,22.6003,-18.7204
90.1,22.6338,-18.8443
90.2,22.6678,-18.9692
90.3,22.7022,-19.0951
90.4,22.7379,-19.2217
90.5,22.7748,-19.349
90.6,22.8128,-19.4771
90.7,22.8518,-19.6059
90.8,22.8918,-19.7356
90.9,22.9326,-19.8659
91,22.9743,-19.9969
91.1,23.0168,-20.1284
91.2,23.0599,-20.2603
91.3,23.1037,-20.3927
91.4,23.148,-20.5254
91.5,23.1927,-20.6584
91.6,23.2378,-20.7916
91.7,23.2833,-20.9249
91.8,23.329,-21.0584
91.9,23.3749,-21.192
92,23.421,-21.3256
92.1,23.4672,-21.4593
92.2,23.5136,-21.593
92.3,23.56,-21.7266
92.4,23.6065,-21.8603
92.5,23.6531,-21.9939
92.6,23.6997,-22.1275
92.7,23.7464,-22.2611
92.8,23.793,-22.3946
92.9,23.8397,-22.5281
93,23.8864,-22.6615
93.1,23.9331,-22.7949
93.2,23.9798,-22.9282
93.3,24.0265,-23.0614
93.4,24.0733,-23.1946
93.5,24.1201,-23.3278
93.6,24.1669,-23.4609
93.7,24.2137,-23.594
93.8,24.2606,-23.727
93.9,24.3075,-23.86
94,24.3544,-23.9929
94.1,24.4014,-24.1258
94.2,24.4484,-24.2586
94.3,24.4955,-24.3914
94.4,24.5426,-24.5241
94.5,24.5897,-24.6568
94.6,24.637,-24.7895
94.7,24.6842,-24.9221
94.8,24.7316,-25.0546
94.9,24.779,-25.1872
95,24.8264,-25.3197
95.1,24.8739,-25.4522
95.2,24.9215,-25.5846
95.3,24.9691,-25.717
95.4,25.0168,-25.8494
95.5,25.0645,-25.9818
95.6,25.1123,-26.1141
95.7,25.1601,-26.2464
95.8,25.2081,-26.3787
95.9,25.256,-26.511
96,25.3041,-26.6433
96.1,25.3522,-26.7755
96.2,25.4003,-26.9077
96.3,25.4486,-27.0399
96.4,25.4969,-27.1721
96.5,25.5452,-27.3043
96.6,25.5936,-27.4364
96.7,25.6421,-27.5685
96.8,25.6907,-27.7006
96.9,25.7393,-27.8327
97,25.788,-27.9648
97.1,25.8367,-28.0968
97.2,25.8855,-28.2289
97.3,25.9343,-28.3609
97.4,25.9832,-28.4929
97.5,26.0322,-28.6249
97.6,26.0812,-28.7568
97.7,26.1303,-28.8888
97.8,26.1794,-29.0207
97.9,26.2286,-29.1526
98,26.2778,-29.2845
98.1,26.327,-29.4164
98.2,26.3763,-29.5483
98.3,26.4256,-29.6802
98.4,26.475,-29.812
98.5,26.5244,-29.9439
98.6,26.5738,-30.0757
98.7,26.6233,-30.2075
98.8,26.6728,-30.3393
98.9,26.7223,-30.4711
99,26.7718,-30.6029
99.1,26.8214,-30.7347
99.2,26.871,-30.8665
99.3,26.9206,-30.9983
99.4,26.9702,-31.13
99.5,27.0198,-31.2618
99.6,27.0694,-31.3935
99.7,27.119,-31.5252
99.8,27.1687,-31.6569
99.9,27.2183,-31.7886
100,27.2679,-31.9203
100.1,27.3175,-32.052
100.2,27.3672,-32.1837
100.3,27.4168,-32.3154
100.4,27.4663,-32.447
100.5,27.5159,-32.5787
100.6,27.5655,-32.7103
100.7,27.615,-32.842
100.8,27.6645,-32.9736
100.9,27.714,-33.1053
101,27.7635,-33.2369
101.1,27.8129,-33.3686
101.2,27.8623,-33.5002
101.3,27.9117,-33.6318
101.4,27.9611,-33.7635
101.5,28.0104,-33.8951
101.6,28.0597,-34.0268
101.7,28.109,-34.1584
101.8,28.1582,-34.2901
101.9,28.2074,-34.4217
102,28.2566,-34.5534
102.1,28.3057,-34.6851
102.2,28.3548,-34.8167
102.3,28.4038,-34.9484
102.4,28.4528,-35.0801
102.5,28.5018,-35.2118
102.6,28.5507,-35.3435
102.7,28.5996,-35.4753
102.8,28.6484,-35.607
102.9,28.6972,-35.7387
103,28.746,-35.8705
103.1,28.7947,-36.0023
103.2,28.8434,-36.1341
103.3,28.892,-36.2659
103.4,28.9406,-36.3977
103.5,28.9891,-36.5295
103.6,29.0377,-36.6614
103.7,29.0861,-36.7932
103.8,29.1345,-36.9251
103.9,29.1829,-37.057
104,29.2312,-37.1889
104.1,29.2795,-37.3209
104.2,29.3278,-37.4528
104.3,29.376,-37.5848
104.4,29.4241,-37.7168
104.5,29.4723,-37.8488
104.6,29.5203,-37.9808
104.7,29.5684,-38.1129
104.8,29.6164,-38.2449
104.9,29.6643,-38.377
105,29.7122,-38.5091
105.1,29.7601,-38.6413
105.2,29.8079,-38.7734
105.3,29.8557,-38.9056
105.4,29.9035,-39.0378
105.5,29.9512,-39.17
105.6,29.9989,-39.3022
105.7,30.0465,-39.4345
105.8,30.0941,-39.5668
105.9,30.1417,-39.6991
106,30.1892,-39.8314
106.1,30.2367,-39.9638
106.2,30.2841,-40.0962
106.3,30.3315,-40.2285
106.4,30.3789,-40.361
106.5,30.4263,-40.4934
106.6,30.4736,-40.6259
106.7,30.5209,-40.7584
106.8,30.5681,-40.8909
106.9,30.6154,-41.0234
107,30.6625,-41.156
107.1,30.7097,-41.2886
107.2,30.7568,-41.4212
107.3,30.8039,-41.5538
107.4,30.851,-41.6865
107.5,30.898,-41.8192
107.6,30.945,-41.9519
107.7,30.992,-42.0846
107.8,31.0389,-42.2174
107.9,31.0858,-42.3502
108,31.1327,-42.483
108.1,31.1796,-42.6158
108.2,31.2264,-42.7487
108.3,31.2732,-42.8816
108.4,31.32,-43.0145
108.5,31.3668,-43.1474
108.6,31.4135,-43.2804
108.7,31.4602,-43.4134
108.8,31.5069,-43.5464
108.9,31.5535,-43.6795
109,31.6,-43.8126
109.1,31.6465,-43.9457
109.2,31.6929,-44.0789
109.3,31.7393,-44.2122
109.4,31.7856,-44.3455
109.5,31.8318,-44.4788
109.6,31.8779,-44.6122
109.7,31.924,-44.7457
109.8,31.97,-44.8791
109.9,32.016,-45.0127
110,32.0619,-45.1462
110.1,32.1078,-45.2798
110.2,32.1536,-45.4134
110.3,32.1994,-45.5471
110.4,32.2451,-45.6807
110.5,32.2908,-45.8145
110.6,32.3365,-45.9482
110.7,32.3822,-46.082
110.8,32.4278,-46.2158
110.9,32.4733,-46.3496
111,32.5189,-46.4835
111.1,32.5644,-46.6173
111.2,32.6099,-46.7513
111.3,32.6554,-46.8852
111.4,32.7008,-47.0192
111.5,32.7462,-47.1531
111.6,32.7916,-47.2872
111.7,32.837,-47.4212
111.8,32.8823,-47.5553
111.9,32.9276,-47.6893
112,32.9729,-47.8234
112.1,33.0182,-47.9576
112.2,33.0635,-48.0917
112.3,33.1087,-48.2259
112.4,33.154,-48.3601
112.5,33.1992,-48.4943
112.6,33.2444,-48.6285
112.7,33.2895,-48.7628
112.8,33.3347,-48.8971
112.9,33.3798,-49.0314
113,33.4249,-49.1657
113.1,33.4701,-49.3
113.2,33.5151,-49.4344
113.3,33.5602,-49.5688
113.4,33.6053,-49.7032
113.5,33.6504,-49.8376
113.6,33.6954,-49.972
113.7,33.7404,-50.1065
113.8,33.7854,-50.241
113.9,33.8304,-50.3755
114,33.8754,-50.51
114.1,33.9204,-50.6445
114.2,33.9654,-50.7791
114.3,34.0104,-50.9136
114.4,34.0553,-51.0482
114.5,34.1003,-51.1828
114.6,34.1452,-51.3174
114.7,34.1901,-51.452
114.8,34.2351,-51.5867
114.9,34.28,-51.7213
115,34.3249,-51.856
115.1,34.3698,-51.9907
115.2,34.4146,-52.1254
115.3,34.4595,-52.2601
115.4,34.5044,-52.3949
115.5,34.5493,-52.5296
115.6,34.5941,-52.6644
115.7,34.639,-52.7992
115.8,34.6838,-52.934
115.9,34.7287,-53.0688
116,34.7735,-53.2036
116.1,34.8184,-53.3384
116.2,34.8632,-53.4733
116.3,34.9081,-53.6081
116.4,34.9529,-53.743
116.5,34.9977,-53.8779
116.6,35.0426,-54.0128
116.7,35.0874,-54.1477
116.8,35.1322,-54.2826
116.9,35.1771,-54.4175
117,35.2219,-54.5524
117.1,35.2668,-54.6874
117.2,35.3116,-54.8223
117.3,35.3565,-54.9573
117.4,35.4013,-55.0923
117.5,35.4462,-55.2273
117.6,35.491,-55.3623
117.7,35.5359,-55.4973
117.8,35.5807,-55.6323
117.9,35.6256,-55.7673
118,35.6705,-55.9023
118.1,35.7154,-56.0374
118.2,35.7602,-56.1724
118.3,35.8051,-56.3074
118.4,35.85,-56.4425
118.5,35.8949,-56.5776
118.6,35.9398,-56.7126
118.7,35.9848,-56.8477
118.8,36.0297,-56.9828
118.9,36.0746,-57.1179
119,36.1196,-57.2529
119.1,36.1645,-57.388
119.2,36.2095,-57.5231
119.3,36.2545,-57.6582
119.4,36.2995,-57.7933
119.5,36.344,-57.9284
119.6,36.3882,-58.0636
119.7,36.4322,-58.1988
119.8,36.4759,-58.334
119.9,36.5196,-58.4691
120,36.563,-58.6043
120.1,36.6065,-58.7394
120.2,36.6498,-58.8746
120.3,36.6932,-59.0097
120.4,36.7365,-59.1447
120.5,36.7798,-59.2798
120.6,36.8231,-59.4148
120.7,36.8664,-59.5498
120.8,36.9097,-59.6847
120.9,36.9531,-59.8197
121,36.9964,-59.9546
121.1,37.0398,-60.0895
121.2,37.0832,-60.2243
121.3,37.1267,-60.3591
121.4,37.1701,-60.4939
121.5,37.2136,-60.6286
121.6,37.2572,-60.7633
121.7,37.3007,-60.898
121.8,37.3443,-61.0327
121.9,37.3879,-61.1673
122,37.4316,-61.3019
122.1,37.4753,-61.4364
122.2,37.519,-61.5709
122.3,37.5628,-61.7054
122.4,37.6065,-61.8399
122.5,37.6504,-61.9743
122.6,37.6942,-62.1086
122.7,37.7381,-62.243
122.8,37.782,-62.3773
122.9,37.826,-62.5115
123,37.87,-62.6458
123.1,37.914,-62.78
123.2,37.958,-62.9142
123.3,38.0021,-63.0483
123.4,38.0462,-63.1825
123.5,38.0903,-63.3166
123.6,38.1345,-63.4508
123.7,38.1787,-63.5849
123.8,38.2229,-63.7189
123.9,38.2671,-63.853
124,38.3114,-63.987
124.1,38.3557,-64.121
124.2,38.4001,-64.255
124.3,38.4445,-64.3889
124.4,38.4889,-64.5228
124.5,38.5333,-64.6567
124.6,38.5778,-64.7905
124.7,38.6224,-64.9243
124.8,38.6669,-65.0581
124.9,38.7115,-65.1918
125,38.7562,-65.3255
125.1,38.8009,-65.4592
125.2,38.8456,-65.5928
125.3,38.8904,-65.7263
125.4,38.9352,-65.8599
125.5,38.9801,-65.9934
125.6,39.025,-66.1268
125.7,39.0699,-66.2602
125.8,39.1149,-66.3935
125.9,39.1599,-66.5268
126,39.205,-66.6601
126.1,39.2502,-66.7933
126.2,39.2954,-66.9264
126.3,39.3406,-67.0595
126.4,39.3859,-67.1925
126.5,39.4313,-67.3254
126.6,39.4767,-67.4583
126.7,39.5221,-67.5912
126.8,39.5677,-67.7239
126.9,39.6133,-67.8566
127,39.6589,-67.9893
127.1,39.7047,-68.1219
127.2,39.7505,-68.2544
127.3,39.7963,-68.3868
127.4,39.8423,-68.5191
127.5,39.8883,-68.6514
127.6,39.9343,-68.7836
127.7,39.9805,-68.9158
127.8,40.0267,-69.0478
127.9,40.073,-69.1798
128,40.1194,-69.3117
128.1,40.1659,-69.4435
128.2,40.2125,-69.5753
128.3,40.2591,-69.7069
128.4,40.3058,-69.8385
128.5,40.3527,-69.97
128.6,40.3996,-70.1014
128.7,40.4466,-70.2327
128.8,40.4937,-70.3639
128.9,40.5409,-70.4951
129,40.5882,-70.6261
129.1,40.6356,-70.7571
129.2,40.6831,-70.8879
129.3,40.7306,-71.0187
129.4,40.7783,-71.1494
129.5,40.8261,-71.28
129.6,40.874,-71.4106
129.7,40.922,-71.541
129.8,40.9701,-71.6713
129.9,41.0183,-71.8016
130,41.0666,-71.9317
130.1,41.115,-72.0618
130.2,41.1635,-72.1918
130.3,41.2121,-72.3216
130.4,41.2607,-72.4514
130.5,41.3095,-72.5811
130.6,41.3583,-72.7107
130.7,41.4073,-72.8401
130.8,41.4562,-72.9695
130.9,41.5053,-73.0987
131,41.5544,-73.2278
131.1,41.6035,-73.3568
131.2,41.6527,-73.4857
131.3,41.702,-73.6144
131.4,41.7512,-73.743
131.5,41.8005,-73.8714
131.6,41.8498,-73.9997
131.7,41.8991,-74.1278
131.8,41.9483,-74.2558
131.9,41.9975,-74.3835
132,42.0467,-74.511
132.1,42.0958,-74.6383
132.2,42.1447,-74.7654
132.3,42.1934,-74.8923
132.4,42.2419,-75.019
132.5,42.2901,-75.1454
132.6,42.3381,-75.2716
132.7,42.3857,-75.3974
132.8,42.4331,-75.5229
132.9,42.4801,-75.648
133,42.5269,-75.7727
133.1,42.5732,-75.8971
133.2,42.6193,-76.021
133.3,42.6649,-76.1445
133.4,42.7102,-76.2675
133.5,42.755,-76.3901
133.6,42.7994,-76.5121
133.7,42.8434,-76.6337
133.8,42.8868,-76.7547
133.9,42.9298,-76.8752
134,42.9722,-76.9951
134.1,43.014,-77.1143
134.2,43.0552,-77.2328
134.3,43.0958,-77.3507
134.4,43.1358,-77.4678
134.5,43.1751,-77.5843
134.6,43.2138,-77.7001
134.7,43.2519,-77.8152
134.8,43.2893,-77.9295
134.9,43.3259,-78.0431
135,43.3617,-78.1559
135.1,43.3968,-78.2679
135.2,43.4312,-78.3792
135.3,43.4644,-78.4894
135.4,43.4965,-78.5983
135.5,43.5278,-78.7061
135.6,43.5583,-78.813
135.7,43.5881,-78.9194
135.8,43.6173,-79.0251
135.9,43.6459,-79.1304
136,43.674,-79.2353
136.1,43.7016,-79.3397
136.2,43.7287,-79.4436
136.3,43.7553,-79.547
136.4,43.7813,-79.6498
136.5,43.8068,-79.7519
136.6,43.8317,-79.8534
136.7,43.8561,-79.9543
136.8,43.88,-80.0546
136.9,43.9036,-80.1544
137,43.927,-80.2533
137.1,43.9499,-80.3516
137.2,43.9725,-80.4488
137.3,43.9945,-80.5448
137.4,44.0162,-80.6399
137.5,44.0374,-80.7339
137.6,44.0572,-80.8274
137.7,44.0775,-80.9199
137.8,44.0978,-81.0111
137.9,44.1186,-81.1023
138,44.1394,-81.1931
138.1,44.1594,-81.283
138.2,44.1784,-81.373
138.3,44.1987,-81.459
138.4,44.2198,-81.5436
138.5,44.24,-81.6245
138.6,44.2598,-81.7064
138.7,44.2613,-81.7821
138.8,44.2765,-81.8631
138.9,44.2915,-81.9454
139,44.305,-82.0339
139.1,44.3181,-82.127
139.2,44.3395,-82.2115
139.3,44.3568,-82.2908
139.4,44.3714,-82.3737
139.5,44.3857,-82.4577
139.6,44.3974,-82.5396
139.7,44.4034,-82.6299
139.8,44.4183,-82.7137
139.9,44.4216,-82.7808
140,44.436,-82.8571
140.1,44.4738,-82.9565
140.2,44.524,-83.0349
140.3,44.5718,-83.1111
140.4,44.5997,-83.1581
140.5,44.598,-83.1943
140.6,44.596,-83.2599
140.7,44.5878,-83.2968
140.8,44.564,-83.336
140.9,44.5401,-83.3951
141,44.5353,-83.5004
141.1,44.5418,-83.5818
141.2,44.5535,-83.6561
141.3,44.5473,-83.7233
141.4,44.5896,-83.7787
141.5,44.6328,-83.8466
141.6,44.6731,-83.9137
141.7,44.7139,-83.9724
141.8,44.7494,-84.0472
141.9,44.8014,-84.1054
142,44.8411,-84.1996
142.1,44.9051,-84.25
142.2,44.9694,-84.3504
142.3,45.0468,-84.449
142.4,45.085,-84.5784
142.5,45.1702,-84.6851
142.6,45.3026,-84.7545
142.7,45.4121,-84.7954
142.8,45.5277,-84.8415
142.9,45.6153,-84.8583
143,45.7308,-84.9167
143.1,45.8305,-85.0225
143.2,45.8711,-85.0727
143.3,45.8921,-85.1563
143.4,45.919,-85.2139
143.5,45.9649,-85.2475
143.6,46.0163,-85.3148
143.7,46.0504,-85.3678
143.8,46.0679,-85.4245
143.9,46.0956,-85.4985
144,46.1581,-85.6082
144.1,46.2593,-85.7357
144.2,46.2761,-85.9054
144.3,46.322,-86.0344
144.4,46.3681,-86.1988
144.5,46.3707,-86.3387
144.6,46.3708,-86.4222
144.7,46.3583,-86.4457
144.8,46.3241,-86.5146
144.9,46.3363,-86.5633
145,46.3075,-86.6391
145.1,46.2896,-86.666
145.2,46.2879,-86.7438
145.3,46.3349,-86.8642
145.4,46.3358,-86.9529
145.5,46.3321,-87.0983
145.6,46.4546,-87.2518
145.7,46.5653,-87.3749
145.8,46.6164,-87.5438
145.9,46.6203,-87.7237
146,46.5806,-87.8474
146.1,46.4744,-87.9946
146.2,46.3567,-88.1138
146.3,46.3569,-88.2581
146.4,46.4597,-88.4335
146.5,46.4997,-88.5378
146.6,46.5445,-88.5764
146.7,46.6187,-88.6554
146.8,46.6876,-88.6836
146.9,46.7487,-88.6721
147,46.8187,-88.7097
147.1,46.8885,-88.6974
147.2,46.9408,-88.7319
147.3,46.9961,-88.7716
147.4,47.0402,-88.9337
147.5,47.1541,-89.0397
147.6,47.1375,-89.1074
147.7,47.154,-89.1804
147.8,47.1671,-89.2276
147.9,47.1637,-89.2805
148,47.1392,-89.3426
148.1,47.128,-89.3208
148.2,47.145,-89.4019
148.3,47.1208,-89.4768
148.4,47.1416,-89.5296
148.5,47.1866,-89.6261
148.6,47.2042,-89.7278
148.7,47.2333,-89.8782
148.8,47.1816,-89.915
148.9,47.1704,-89.9257
149,47.188,-89.9385
149.1,47.2738,-89.9802
149.2,47.3544,-89.9722
149.3,47.4436,-90.0249
149.4,47.5362,-90.0767
149.5,47.6138,-90.1167
149.6,47.6004,-90.1859
149.7,47.6145,-90.2548
149.8,47.6615,-90.3491
149.9,47.7297,-90.4675
150,47.8175,-90.4548
150.1,47.8444,-90.4345
150.2,47.8336,-90.4735
150.3,47.7822,-90.4834
150.4,47.7378,-90.544
150.5,47.7759,-90.5722
150.6,47.7435,-90.5984
150.7,47.7479,-90.5992
150.8,47.7851,-90.6101
150.9,47.7982,-90.5613
151,47.841,-90.5764
151.1,47.8375,-90.7048
151.2,47.7689,-90.8826
151.3,47.7014,-90.9637
151.4,47.6802,-91.0216
151.5,47.6485,-91.1493
151.6,47.5891,-91.3114
151.7,47.5791,-91.4098
151.8,47.636,-91.4301
151.9,47.669,-91.5455
152,47.6609,-91.6016
152.1,47.6459,-91.6263
152.2,47.6162,-91.6822
152.3,47.5563,-91.7737
152.4,47.5368,-91.804
152.5,47.5605,-91.8641
152.6,47.5572,-91.9661
152.7,47.666,-91.9571
152.8,47.6717,-91.9518
152.9,47.5394,-91.9777
153,47.4577,-92.0532
153.1,47.4733,-92.1325
153.2,47.4989,-92.2887
153.3,47.3866,-92.3664
153.4,47.2186,-92.3166
153.5,47.1594,-92.234
153.6,47.1394,-92.1938
153.7,47.1286,-92.1704
153.8,47.1023,-92.2286
153.9,47.1324,-92.3475
154,47.1379,-92.3123
154.1,47.189,-92.2354
154.2,47.2393,-92.2682
154.3,47.2433,-92.3062
154.4,47.2157,-92.3192
154.5,47.2448,-92.4121
154.6,47.3275,-92.5366
154.7,47.4744,-92.566
154.8,47.5987,-92.5578
154.9,47.6022,-92.6264
155,47.6536,-92.6872
155.1,47.707,-92.6749
155.2,47.6904,-92.6497
155.3,47.6718,-92.6412
155.4,47.7006,-92.6251
155.5,47.7216,-92.692
155.6,47.7206,-92.8091
155.7,47.8241,-92.9402
155.8,47.8914,-93.1057
155.9,47.9553,-93.2314
156,47.983,-93.3996
156.1,48.0746,-93.524
156.2,48.2168,-93.5698
156.3,48.2082,-93.5753
156.4,48.2108,-93.576
156.5,48.2529,-93.5367
156.6,48.2957,-93.5365
156.7,48.2194,-93.5918
156.8,48.1477,-93.6086
156.9,48.1203,-93.6566
157,48.1468,-93.7904
157.1,48.0609,-93.8215
157.2,47.9435,-93.7458
157.3,47.9047,-93.7247
157.4,47.908,-93.7573
157.5,47.9223,-93.7524
157.6,48.0676,-93.7832
157.7,48.1284,-93.7902
157.8,48.1032,-93.7928
157.9,48.1714,-93.8455
158,48.3309,-93.8908
158.1,48.3771,-93.9359
158.2,48.2967,-93.9713
158.3,48.2796,-94.0852
158.4,48.3407,-94.2352
158.5,48.4586,-94.2341
158.6,48.4594,-94.2109
158.7,48.4544,-94.2492
158.8,48.5666,-94.2105
158.9,48.6917,-94.1673
159,48.7836,-94.137
159.1,48.7648,-94.1331
159.2,48.8452,-94.1717
159.3,48.9049,-94.1293
159.4,48.9002,-94.1499
159.5,48.8356,-94.1658
159.6,48.8311,-94.2275
159.7,48.8997,-94.3651
159.8,48.91,-94.46
159.9,48.972,-94.549
160,49.0813,-94.6137
160.1,49.101,-94.6859
160.2,49.181,-94.8567
160.3,49.2657,-94.9524
160.4,49.2759,-95.0803
160.5,49.1465,-95.1547
160.6,49.0808,-95.0824
160.7,49.0925,-95.028
160.8,49.1082,-95.0782
160.9,49.1105,-95.1017
161,49.0575,-95.0533
161.1,49.0353,-95.1542
161.2,49.077,-95.072
161.3,49.082,-95.0322
161.4,49.1358,-95.0843
161.5,49.0937,-95.2278
161.6,49.0825,-95.2919
161.7,49.1274,-95.3942
161.8,49.157,-95.557
161.9,49.0569,-95.7442
162,49.006,-95.8252
162.1,48.9662,-95.9433
162.2,48.9568,-96.1068
162.3,49.0343,-96.24
162.4,48.9892,-96.2436
162.5,48.9476,-96.1259
162.6,48.9324,-96.0606
162.7,48.7235,-96.0264
162.8,48.6108,-95.9495
162.9,48.6287,-95.9781
163,48.6668,-96.092
163.1,48.7157,-96.2317
163.2,48.7315,-96.3483
163.3,48.794,-96.3435
163.4,48.7636,-96.3045
163.5,48.7829,-96.4558
163.6,48.7471,-96.4867
163.7,48.8672,-96.4083
163.8,48.7922,-96.3296
163.9,48.9212,-96.3057
164,48.9858,-96.3389
164.1,49.0027,-96.4046
164.2,48.911,-96.3156
164.3,48.8095,-96.2178
164.4,48.8335,-96.29
164.5,48.8827,-96.3693
164.6,48.745,-96.4666
164.7,48.7554,-96.4933
164.8,48.8762,-96.5758
164.9,49.1283,-96.5209
165,49.2214,-96.501
165.1,49.3231,-96.4451
165.2,49.4355,-96.5939
165.3,49.5796,-96.7535
165.4,49.6566,-96.7525
165.5,49.5939,-96.7745
165.6,49.552,-96.7556
165.7,49.565,-96.8741
165.8,49.6234,-97.0504
165.9,49.552,-97.1501
166,49.529,-97.2551
166.1,49.5579,-97.34
166.2,49.5972,-97.4271
166.3,49.5795,-97.4864
166.4,49.5574,-97.444
166.5,49.5439,-97.3432
166.6,49.4025,-97.4112
166.7,49.3653,-97.4716
166.8,49.4508,-97.5401
166.9,49.3984,-97.6805
167,49.2802,-97.752
167.1,49.31,-97.816
167.2,49.4372,-97.9599
167.3,49.5038,-97.9302
167.4,49.5843,-97.9211
167.5,49.6143,-98.049
167.6,49.5675,-98.1595
167.7,49.524,-98.2363
167.8,49.5558,-98.2962
167.9,49.6006,-98.4074
168,49.7058,-98.3484
168.1,49.7506,-98.2035
168.2,49.7675,-98.0487
168.3,49.7194,-98.022
168.4,49.6862,-98.0718
168.5,49.615,-98.1282
168.6,49.6978,-98.1837
168.7,49.7865,-98.1471
168.8,49.8589,-98.0203
168.9,49.9247,-98.0131
169,49.8801,-98.0508
169.1,49.7576,-98.0088
169.2,49.7079,-98.011
169.3,49.6344,-98.2478
169.4,49.5788,-98.2811
169.5,49.558,-98.2617
169.6,49.6361,-98.2802
169.7,49.5891,-98.3347
169.8,49.5887,-98.381
169.9,49.7123,-98.4259
170,49.6567,-98.5292
170.1,49.4375,-98.5357
170.2,49.35,-98.3993
170.3,49.3333,-98.3352
170.4,49.4592,-98.3391
170.5,49.6283,-98.3411
170.6,49.6717,-98.3714
170.7,49.6966,-98.295
170.8,49.6402,-98.348
170.9,49.584,-98.3436
171,49.6444,-98.3722
171.1,49.7034,-98.4457
171.2,49.6754,-98.4284
171.3,49.6959,-98.4677
171.4,49.7096,-98.6827
171.5,49.6815,-98.7052
171.6,49.686,-98.653
171.7,49.7634,-98.7823
171.8,49.6699,-98.9609
171.9,49.6037,-99.108
172,49.703,-99.0919
172.1,49.6921,-99.1333
172.2,49.5099,-99.1667
172.3,49.4664,-99.1072
172.4,49.5571,-99.089
172.5,49.6864,-99.2136
172.6,49.649,-99.4474
172.7,49.4083,-99.4562
172.8,49.3633,-99.4385
172.9,49.3764,-99.4319
173,49.3048,-99.3717
173.1,49.2736,-99.3453
173.2,49.4202,-99.4043
173.3,49.5081,-99.4809
173.4,49.4717,-99.5633
173.5,49.5592,-99.7701
173.6,49.5762,-99.9139
173.7,49.7687,-99.9645
173.8,49.9154,-99.9708
173.9,49.8791,-99.9614
174,49.7376,-100.072
174.1,49.8175,-100.123
174.2,49.9566,-100.145
174.3,49.9934,-100.12
174.4,50.0374,-100.207
174.5,50.0643,-100.289
174.6,50.1262,-100.351
174.7,50.1768,-100.397
174.8,50.1792,-100.375
174.9,50.1302,-100.459
175,50.1474,-100.523
175.1,50.1848,-100.616
175.2,50.1789,-100.692
175.3,50.1008,-100.766
175.4,50.1986,-100.847
175.5,50.2265,-100.988
175.6,50.2555,-101.091
175.7,50.2629,-101.224
175.8,50.2115,-101.351
175.9,50.0704,-101.464
176,50.0567,-101.618
