0.1,55.4865,89.4755
0.2,55.464,89.433
0.3,55.4347,89.376
0.4,55.3997,89.3075
0.5,55.3597,89.2305
0.6,55.3153,89.1471
0.7,55.2672,89.0596
0.8,55.2161,88.9691
0.9,55.1629,88.8769
1,55.108,88.784
1.1,55.0515,88.6907
1.2,54.9934,88.5974
1.3,54.9342,88.5044
1.4,54.8741,88.4123
1.5,54.8132,88.3206
1.6,54.7519,88.2295
1.7,54.6904,88.1381
1.8,54.6288,88.0459
1.9,54.5671,87.9529
2,54.5049,87.8586
2.1,54.4423,87.7621
2.2,54.3787,87.6642
2.3,54.3135,87.5644
2.4,54.2469,87.4624
2.5,54.1789,87.3583
2.6,54.1097,87.2554
2.7,54.0397,87.1514
2.8,53.9697,87.0459
2.9,53.9,86.9389
3,53.8319,86.8307
3.1,53.7653,86.7215
3.2,53.7002,86.6118
3.3,53.6365,86.5018
3.4,53.5741,86.3917
3.5,53.5128,86.2815
3.6,53.4523,86.1713
3.7,53.3926,86.0611
3.8,53.3334,85.9509
3.9,53.2744,85.841
4,53.2155,85.7315
4.1,53.1566,85.6226
4.2,53.0976,85.5143
4.3,53.0386,85.4069
4.4,52.9795,85.3006
4.5,52.9206,85.1953
4.6,52.8618,85.0911
4.7,52.8035,84.9881
4.8,52.7457,84.8863
4.9,52.6888,84.7855
5,52.6329,84.6853
5.1,52.5782,84.5854
5.2,52.5239,84.4857
5.3,52.4704,84.3855
5.4,52.4175,84.2846
5.5,52.365,84.1826
5.6,52.3132,84.0792
5.7,52.2618,83.974
5.8,52.211,83.8671
5.9,52.1602,83.7584
6,52.1096,83.648
6.1,52.0588,83.5361
6.2,52.0081,83.4227
6.3,51.9571,83.3082
6.4,51.906,83.1926
6.5,51.8548,83.0762
6.6,51.8034,82.9591
6.7,51.7519,82.8412
6.8,51.7003,82.7236
6.9,51.6487,82.6063
7,51.5977,82.4893
7.1,51.5472,82.3726
7.2,51.4972,82.2565
7.3,51.4477,82.1408
7.4,51.3985,82.0261
7.5,51.3494,81.9122
7.6,51.3004,81.7993
7.7,51.2516,81.6875
7.8,51.2046,81.5775
7.9,51.1588,81.469
8,51.1145,81.3615
8.1,51.0718,81.2549
8.2,51.0307,81.1485
8.3,50.9896,81.0414
8.4,50.9501,80.9346
8.5,50.911,80.8281
8.6,50.8721,80.7211
8.7,50.8327,80.6142
8.8,50.793,80.5063
8.9,50.7523,80.3975
9,50.7106,80.2876
9.1,50.6678,80.1763
9.2,50.624,80.0633
9.3,50.5797,79.9484
9.4,50.5347,79.8317
9.5,50.4892,79.7131
9.6,50.4428,79.593
9.7,50.3954,79.472
9.8,50.3461,79.3542
9.9,50.2953,79.2373
10,50.2424,79.1216
10.1,50.1902,79.0073
10.2,50.1374,78.8941
10.3,50.0831,78.7819
10.4,50.0267,78.6704
10.5,49.9675,78.5595
10.6,49.905,78.4487
10.7,49.8389,78.3377
10.8,49.7691,78.2264
10.9,49.6956,78.1143
11,49.6186,78.0014
11.1,49.5391,77.8902
11.2,49.4586,77.7786
11.3,49.3778,77.6656
11.4,49.2973,77.5504
11.5,49.217,77.433
11.6,49.1373,77.3133
11.7,49.0581,77.1912
11.8,48.9797,77.067
11.9,48.9022,76.9409
12,48.8259,76.8134
12.1,48.7505,76.6847
12.2,48.6761,76.555
12.3,48.6024,76.4247
12.4,48.5292,76.2942
12.5,48.4562,76.1637
12.6,48.3832,76.0331
12.7,48.3101,75.9025
12.8,48.2366,75.7723
12.9,48.1629,75.6423
13,48.089,75.5163
13.1,48.0155,75.3924
13.2,47.9429,75.2703
13.3,47.8714,75.1499
13.4,47.8007,75.0311
13.5,47.7309,74.9135
13.6,47.6618,74.797
13.7,47.5933,74.6813
13.8,47.5256,74.5663
13.9,47.4588,74.4519
14,47.3929,74.3383
14.1,47.3278,74.2253
14.2,47.263,74.1159
14.3,47.1986,74.0083
14.4,47.1344,73.9025
14.5,47.0708,73.7979
14.6,47.0078,73.6945
14.7,46.9457,73.5922
14.8,46.8843,73.4908
14.9,46.8235,73.3903
15,46.7634,73.2909
15.1,46.7038,73.1924
15.2,46.6444,73.0948
15.3,46.5847,72.998
15.4,46.5248,72.9018
15.5,46.4643,72.8064
15.6,46.4033,72.7118
15.7,46.3419,72.6175
15.8,46.2801,72.5237
15.9,46.2178,72.43
16,46.1548,72.3374
16.1,46.0909,72.2455
16.2,46.0262,72.1539
16.3,45.9608,72.0627
16.4,45.8949,71.9719
16.5,45.8287,71.8814
16.6,45.7623,71.7912
16.7,45.6959,71.7009
16.8,45.6296,71.6104
16.9,45.5631,71.5194
17,45.4964,71.4278
17.1,45.4294,71.3357
17.2,45.3619,71.2432
17.3,45.2939,71.1502
17.4,45.2253,71.0564
17.5,45.1561,70.9616
17.6,45.0867,70.8652
17.7,45.017,70.7673
17.8,44.9469,70.6675
17.9,44.8764,70.5662
18,44.8054,70.4633
18.1,44.7337,70.3603
18.2,44.6615,70.2564
18.3,44.5888,70.1515
18.4,44.516,70.045
18.5,44.4433,69.9369
18.6,44.3708,69.827
18.7,44.2989,69.7153
18.8,44.2277,69.6027
18.9,44.1576,69.4893
19,44.0888,69.3751
19.1,44.0216,69.2605
19.2,43.9563,69.1458
19.3,43.8927,69.0309
19.4,43.8307,68.9157
19.5,43.7703,68.8005
19.6,43.7115,68.6853
19.7,43.6542,68.5704
19.8,43.5982,68.4559
19.9,43.5438,68.342
20,43.4909,68.2285
20.1,43.4396,68.1157
20.2,43.3897,68.0035
20.3,43.3412,67.8918
20.4,43.2938,67.7809
20.5,43.2474,67.6704
20.6,43.2018,67.5604
20.7,43.157,67.4511
20.8,43.1129,67.3425
20.9,43.0695,67.2346
21,43.0269,67.1278
21.1,42.9856,67.022
21.2,42.9436,66.9179
21.3,42.903,66.8159
21.4,42.8618,66.7156
21.5,42.8221,66.6176
21.6,42.7818,66.5209
21.7,42.7413,66.426
21.8,42.6999,66.3325
21.9,42.6573,66.2403
22,42.6134,66.1491
22.1,42.5681,66.0584
22.2,42.5211,65.9684
22.3,42.4723,65.8788
22.4,42.4219,65.7898
22.5,42.3704,65.7009
22.6,42.3183,65.6121
22.7,42.2661,65.5232
22.8,42.2143,65.4339
22.9,42.163,65.3442
23,42.1123,65.2539
23.1,42.0622,65.1628
23.2,42.0129,65.071
23.3,41.9642,64.9785
23.4,41.9162,64.8856
23.5,41.8688,64.7921
23.6,41.8218,64.6984
23.7,41.7755,64.6045
23.8,41.7299,64.5106
23.9,41.6853,64.4168
24,41.6418,64.3229
24.1,41.5994,64.2289
24.2,41.558,64.1347
24.3,41.5179,64.04
24.4,41.4784,63.9449
24.5,41.4407,63.8491
24.6,41.4021,63.7521
24.7,41.3652,63.6539
24.8,41.3264,63.5552
24.9,41.2877,63.4566
25,41.2485,63.3591
25.1,41.2092,63.2613
25.2,41.1697,63.1628
25.3,41.1302,63.0635
25.4,41.0926,62.9625
25.5,41.0546,62.86
25.6,41.0184,62.7557
25.7,40.9815,62.6494
25.8,40.9451,62.5417
25.9,40.9079,62.4312
26,40.8695,62.3202
26.1,40.8297,62.2055
26.2,40.787,62.0903
26.3,40.742,61.9721
26.4,40.6939,61.8521
26.5,40.6434,61.7298
26.6,40.5919,61.6059
26.7,40.5394,61.4806
26.8,40.4859,61.3541
26.9,40.4297,61.231
27,40.3739,61.1102
27.1,40.3168,60.9905
27.2,40.259,60.8718
27.3,40.2,60.7536
27.4,40.1401,60.6357
27.5,40.0792,60.5179
27.6,40.0186,60.4015
27.7,39.9603,60.2856
27.8,39.9031,60.1706
27.9,39.8465,60.0559
28,39.79,59.9416
28.1,39.7332,59.8271
28.2,39.6757,59.7128
28.3,39.6182,59.5985
28.4,39.5616,59.4834
28.5,39.5043,59.3687
28.6,39.4467,59.253
28.7,39.3879,59.1364
28.8,39.3278,59.018
28.9,39.2638,58.9019
29,39.1984,58.7799
29.1,39.1297,58.6608
29.2,39.0586,58.542
29.3,38.9858,58.4233
29.4,38.9121,58.3048
29.5,38.8381,58.1866
29.6,38.7643,58.0689
29.7,38.6912,57.9522
29.8,38.6188,57.8365
29.9,38.5475,57.7221
30,38.4772,57.6091
30.1,38.4079,57.4976
30.2,38.3396,57.3873
30.3,38.2724,57.2784
30.4,38.2064,57.1705
30.5,38.1421,57.0633
30.6,38.0797,56.9561
30.7,38.0186,56.8506
30.8,37.959,56.7458
30.9,37.901,56.6418
31,37.8445,56.5386
31.1,37.7894,56.4359
31.2,37.7356,56.3338
31.3,37.6831,56.2322
31.4,37.6316,56.1309
31.5,37.5831,56.0319
31.6,37.5356,55.9336
31.7,37.4875,55.8381
31.8,37.4389,55.7452
31.9,37.3892,55.655
32,37.3382,55.5671
32.1,37.2853,55.4812
32.2,37.2304,55.3969
32.3,37.1734,55.3141
32.4,37.1156,55.2319
32.5,37.0559,55.151
32.6,36.9954,55.0704
32.7,36.9341,54.9901
32.8,36.8715,54.9106
32.9,36.8085,54.8312
33,36.7448,54.7522
33.1,36.6809,54.6736
33.2,36.6172,54.5957
33.3,36.5537,54.5175
33.4,36.4904,54.4386
33.5,36.4274,54.3592
33.6,36.3648,54.2793
33.7,36.3024,54.1991
33.8,36.2399,54.1178
33.9,36.1774,54.0353
34,36.1148,53.9518
34.1,36.0521,53.8675
34.2,35.9893,53.7822
34.3,35.9262,53.6961
34.4,35.8628,53.6091
34.5,35.799,53.5212
34.6,35.7347,53.4324
34.7,35.6701,53.3427
34.8,35.6049,53.2522
34.9,35.5393,53.1609
35,35.4733,53.0689
35.1,35.4071,52.9762
35.2,35.341,52.8832
35.3,35.2749,52.7901
35.4,35.2094,52.6975
35.5,35.144,52.6055
35.6,35.0786,52.514
35.7,35.0128,52.4225
35.8,34.9464,52.3308
35.9,34.8795,52.2385
36,34.8127,52.1452
36.1,34.7461,52.0508
36.2,34.6797,51.9553
36.3,34.6138,51.8587
36.4,34.5484,51.7609
36.5,34.4837,51.6617
36.6,34.4201,51.5614
36.7,34.3575,51.4601
36.8,34.2961,51.3577
36.9,34.2359,51.2544
37,34.1769,51.1502
37.1,34.1191,51.0451
37.2,34.0623,50.9392
37.3,34.0066,50.8329
37.4,33.9517,50.7261
37.5,33.8975,50.6191
37.6,33.8438,50.5121
37.7,33.7906,50.4051
37.8,33.7381,50.2984
37.9,33.6865,50.1925
38,33.6357,50.0874
38.1,33.5857,49.9832
38.2,33.5366,49.8797
38.3,33.489,49.7771
38.4,33.4424,49.6752
38.5,33.3968,49.5738
38.6,33.352,49.4726
38.7,33.3081,49.3717
38.8,33.265,49.2706
38.9,33.2228,49.1693
39,33.1794,49.0685
39.1,33.136,48.9677
39.2,33.0933,48.8665
39.3,33.0506,48.7651
39.4,33.0086,48.6636
39.5,32.9668,48.5626
39.6,32.9255,48.4621
39.7,32.8843,48.3618
39.8,32.8439,48.2619
39.9,32.8038,48.1617
40,32.7639,48.061
40.1,32.724,47.9591
40.2,32.6835,47.8558
40.3,32.6423,47.7516
40.4,32.6005,47.6467
40.5,32.5582,47.5409
40.6,32.5146,47.4375
40.7,32.4702,47.3339
40.8,32.4248,47.2301
40.9,32.3787,47.126
41,32.334,47.0211
41.1,32.2878,46.9166
41.2,32.2426,46.8127
41.3,32.1967,46.7102
41.4,32.1502,46.6091
41.5,32.1013,46.5063
41.6,32.0521,46.4063
41.7,31.9996,46.3028
41.8,31.947,46.2025
41.9,31.8928,46.0994
42,31.8377,45.999
42.1,31.7801,45.8999
42.2,31.7232,45.8011
42.3,31.6662,45.7003
42.4,31.6067,45.6048
42.5,31.5479,45.5058
42.6,31.4897,45.407
42.7,31.4318,45.309
42.8,31.3724,45.2134
42.9,31.3147,45.118
43,31.2578,45.0227
43.1,31.1989,44.9264
43.2,31.1393,44.8343
43.3,31.0841,44.7315
43.4,31.0287,44.6343
43.5,30.9746,44.5343
43.6,30.9211,44.4359
43.7,30.8682,44.3359
43.8,30.8162,44.2364
43.9,30.7637,44.1401
44,30.7085,44.046
44.1,30.648,43.9614
44.2,30.5892,43.8646
44.3,30.5333,43.7745
44.4,30.4787,43.6825
44.5,30.4262,43.5914
44.6,30.3748,43.5013
44.7,30.3223,43.4112
44.8,30.2741,43.3194
44.9,30.2269,43.2271
45,30.1835,43.1369
45.1,30.1415,43.0442
45.2,30.102,42.9541
45.3,30.0617,42.8641
45.4,30.0221,42.7781
45.5,29.9804,42.6926
45.6,29.9379,42.6083
45.7,29.8913,42.5259
45.8,29.8445,42.44
45.9,29.7967,42.3572
46,29.7474,42.2733
46.1,29.6986,42.1921
46.2,29.6337,42.1051
46.3,29.5731,42.0263
46.4,29.4864,41.9781
46.5,29.4022,41.8799
46.6,29.3314,41.7984
46.7,29.2626,41.7103
46.8,29.1963,41.6207
46.9,29.1344,41.5253
47,29.0688,41.4358
47.1,29.001,41.3512
47.2,28.9339,41.2616
47.3,28.8601,41.177
47.4,28.7788,41.1031
47.5,28.7036,41.0122
47.6,28.6332,40.9174
47.7,28.5639,40.8256
47.8,28.4964,40.7293
47.9,28.4285,40.6347
48,28.3605,40.5386
48.1,28.2928,40.4467
48.2,28.2242,40.3531
48.3,28.1559,40.2602
48.4,28.0891,40.1662
48.5,28.0236,40.0725
48.6,27.9598,39.9779
48.7,27.897,39.884
48.8,27.8375,39.7929
48.9,27.7752,39.6963
49,27.7123,39.5936
49.1,27.6507,39.4914
49.2,27.5898,39.3953
49.3,27.5315,39.2967
49.4,27.4746,39.1979
49.5,27.4147,39.1086
49.6,27.3563,39.0128
49.7,27.299,38.9171
49.8,27.2418,38.8216
49.9,27.1849,38.7298
50,27.109,38.6199
50.1,27.0354,38.5182
50.2,26.9626,38.4151
50.3,26.892,38.3132
50.4,26.8235,38.213
50.5,26.7569,38.1108
50.6,26.6913,38.0096
50.7,26.6267,37.9087
50.8,26.563,37.8094
50.9,26.4992,37.7109
51,26.4329,37.6156
51.1,26.3685,37.5187
51.2,26.305,37.4218
51.3,26.2403,37.3301
51.4,26.1782,37.2345
51.5,26.1157,37.1398
51.6,26.0541,37.0443
51.7,25.9926,36.9484
51.8,25.9315,36.8514
51.9,25.8708,36.7546
52,25.8105,36.6578
52.1,25.7502,36.561
52.2,25.6907,36.4642
52.3,25.632,36.3661
52.4,25.574,36.2671
52.5,25.5166,36.1673
52.6,25.4593,36.0673
52.7,25.4026,35.9636
52.8,25.3459,35.8625
52.9,25.2897,35.7573
53,25.2314,35.6572
53.1,25.1738,35.5521
53.2,25.1154,35.447
53.3,25.0567,35.3415
53.4,24.9979,35.2347
53.5,24.9388,35.1283
53.6,24.8797,35.0222
53.7,24.8182,34.9217
53.8,24.7586,34.8155
53.9,24.7005,34.7158
54,24.6417,34.6169
54.1,24.5777,34.5263
54.2,24.5142,34.4296
54.3,24.4514,34.3419
54.4,24.3915,34.2519
54.5,24.332,34.1611
54.6,24.2723,34.0693
54.7,24.2129,33.978
54.8,24.1535,33.8859
54.9,24.0941,33.7943
55,24.0346,33.7025
55.1,23.9748,33.6111
55.2,23.9151,33.5206
55.3,23.8549,33.4302
55.4,23.7948,33.3392
55.5,23.7343,33.2469
55.6,23.6738,33.1534
55.7,23.6131,33.0587
55.8,23.5523,32.9631
55.9,23.4915,32.8668
56,23.4311,32.7702
56.1,23.3709,32.6733
56.2,23.3113,32.5756
56.3,23.2507,32.4776
56.4,23.1916,32.3788
56.5,23.1315,32.2778
56.6,23.0729,32.1782
56.7,23.0149,32.0781
56.8,22.9575,31.9786
56.9,22.9009,31.8788
57,22.8447,31.78
57.1,22.7881,31.6816
57.2,22.7333,31.5828
57.3,22.6768,31.4853
57.4,22.6242,31.3844
57.5,22.5713,31.2874
57.6,22.5312,31.1833
57.7,22.4764,31.0916
57.8,22.4497,30.9893
57.9,22.414,30.8882
58,22.375,30.7958
58.1,22.3295,30.7055
58.2,22.3006,30.6132
58.3,22.2583,30.5287
58.4,22.2122,30.4485
58.5,22.1656,30.3606
58.6,22.117,30.2719
58.7,22.0671,30.1809
58.8,22.0155,30.0877
58.9,21.9621,29.9937
59,21.9058,29.8988
59.1,21.8481,29.8028
59.2,21.7894,29.7066
59.3,21.7304,29.6112
59.4,21.6708,29.5176
59.5,21.6125,29.42
59.6,21.5543,29.3141
59.7,21.5348,29.1991
59.8,21.5098,29.0887
59.9,21.4798,28.9775
60,21.4436,28.8733
60.1,21.4422,28.7658
60.2,21.4197,28.6652
60.3,21.3924,28.5642
60.4,21.3706,28.4676
60.5,21.344,28.369
60.6,21.3303,28.2877
60.7,21.2919,28.2002
60.8,21.2481,28.1144
60.9,21.1997,28.0296
61,21.1482,27.9442
61.1,21.0935,27.8584
61.2,21.0358,27.7776
61.3,20.9774,27.6912
61.4,20.9192,27.6013
61.5,20.8602,27.509
61.6,20.801,27.4136
61.7,20.7415,27.3164
61.8,20.6821,27.2172
61.9,20.6226,27.1169
62,20.5634,27.0147
62.1,20.504,26.9118
62.2,20.4454,26.8072
62.3,20.386,26.7024
62.4,20.3291,26.5932
62.5,20.2701,26.4864
62.6,20.21,26.3791
62.7,20.1498,26.2722
62.8,20.0891,26.1644
62.9,20.0297,26.0562
63,19.9702,25.9466
63.1,19.9155,25.8339
63.2,19.862,25.7216
63.3,19.811,25.6077
63.4,19.7591,25.4933
63.5,19.7087,25.3764
63.6,19.6585,25.2584
63.7,19.6088,25.1387
63.8,19.5596,25.0181
63.9,19.5109,24.8974
64,19.4633,24.7786
64.1,19.4164,24.6576
64.2,19.3702,24.5392
64.3,19.3251,24.4186
64.4,19.2799,24.2995
64.5,19.2357,24.1788
64.6,19.192,24.0597
64.7,19.1492,23.9396
64.8,19.1062,23.8243
64.9,19.0638,23.7076
65,19.0212,23.5941
65.1,18.9795,23.4761
65.2,18.9371,23.3619
65.3,18.8964,23.245
65.4,18.855,23.131
65.5,18.8138,23.0156
65.6,18.7712,22.9026
65.7,18.7284,22.7871
65.8,18.6833,22.6731
65.9,18.6365,22.556
66,18.587,22.4404
66.1,18.5346,22.322
66.2,18.48,22.207
66.3,18.4115,22.1105
66.4,18.344,21.9867
66.5,18.2668,21.8601
66.6,18.1937,21.7481
66.7,18.12,21.6361
66.8,18.0355,21.5445
66.9,17.9508,21.4434
67,17.8697,21.3421
67.1,17.7919,21.2376
67.2,17.7171,21.1318
67.3,17.6449,21.0253
67.4,17.5746,20.9189
67.5,17.5036,20.818
67.6,17.4351,20.7147
67.7,17.3685,20.6103
67.8,17.3033,20.5047
67.9,17.2393,20.3981
68,17.1764,20.2908
68.1,17.1142,20.1828
68.2,17.0528,20.0743
68.3,16.9921,19.9655
68.4,16.9322,19.8566
68.5,16.873,19.7476
68.6,16.8143,19.6387
68.7,16.7559,19.5297
68.8,16.6977,19.4227
68.9,16.6395,19.3163
69,16.5815,19.2105
69.1,16.5238,19.1048
69.2,16.4665,18.9991
69.3,16.4094,18.8927
69.4,16.3525,18.7855
69.5,16.2958,18.6779
69.6,16.2388,18.5706
69.7,16.1821,18.4623
69.8,16.1254,18.3529
69.9,16.069,18.2424
70,16.013,18.1323
70.1,15.9571,18.0221
70.2,15.9022,17.9112
70.3,15.8483,17.7995
70.4,15.8115,17.7321
70.5,15.7538,17.6513
70.6,15.6983,17.5622
70.7,15.6434,17.4669
70.8,15.59,17.3673
70.9,15.5382,17.2645
71,15.488,17.159
71.1,15.4391,17.0509
71.2,15.3915,16.9408
71.3,15.3427,16.8295
71.4,15.2942,16.7178
71.5,15.2459,16.6066
71.6,15.1975,16.4971
71.7,15.1493,16.3904
71.8,15.1014,16.2874
71.9,15.0542,16.1854
72,15.0095,16.09
72.1,14.9652,15.9915
72.2,14.926,15.8985
72.3,14.8855,15.8014
72.4,14.8475,15.7056
72.5,14.8083,15.608
72.6,14.7698,15.5105
72.7,14.7294,15.4115
72.8,14.6897,15.313
72.9,14.6469,15.2131
73,14.6039,15.1131
73.1,14.5586,15.0117
73.2,14.5114,14.9105
73.3,14.4614,14.8077
73.4,14.411,14.7028
73.5,14.36,14.5961
73.6,14.3078,14.4878
73.7,14.2544,14.3782
73.8,14.2001,14.267
73.9,14.1449,14.1544
74,14.0888,14.0402
74.1,14.0317,13.9245
74.2,13.9738,13.8073
74.3,13.915,13.6888
74.4,13.8579,13.5694
74.5,13.8015,13.4499
74.6,13.7456,13.3304
74.7,13.6899,13.2112
74.8,13.6326,13.095
74.9,13.5746,12.9801
75,13.5165,12.8664
75.1,13.4586,12.7535
75.2,13.4013,12.6412
75.3,13.3443,12.5301
75.4,13.2877,12.4199
75.5,13.2314,12.3112
75.6,13.1755,12.2036
75.7,13.1202,12.0968
75.8,13.0655,11.9909
75.9,13.0116,11.8859
76,12.9584,11.7815
76.1,12.9059,11.6778
76.2,12.8542,11.5746
76.3,12.803,11.4724
76.4,12.7523,11.3711
76.5,12.7019,11.2704
76.6,12.6512,11.1703
76.7,12.6003,11.0711
76.8,12.549,10.9727
76.9,12.4973,10.8749
77,12.4451,10.7786
77.1,12.3923,10.6875
77.2,12.3424,10.5916
77.3,12.2939,10.4977
77.4,12.2454,10.4029
77.5,12.1976,10.3096
77.6,12.1501,10.2171
77.7,12.1035,10.128
77.8,12.0568,10.0383
77.9,12.0103,9.94964
78,11.9641,9.86176
78.1,11.9184,9.77521
78.2,11.8731,9.68937
78.3,11.8285,9.60513
78.4,11.7839,9.52124
78.5,11.7396,9.43868
78.6,11.6956,9.35679
78.7,11.652,9.27591
78.8,11.6087,9.19565
78.9,11.5659,9.11713
79,11.5233,9.03959
79.1,11.4814,8.9634
79.2,11.4402,8.88872
79.3,11.3984,8.81344
79.4,11.3568,8.73848
79.5,11.3192,8.66823
79.6,11.2789,8.61404
79.7,11.2373,8.54794
79.8,11.1961,8.4805
79.9,11.154,8.40889
80,11.1115,8.33527
80.1,11.0687,8.26067
80.2,11.0238,8.19841
80.3,10.9795,8.12789
80.4,10.9353,8.05373
80.5,10.8908,7.97844
80.6,10.8457,7.90235
80.7,10.7998,7.82647
80.8,10.7534,7.74997
80.9,10.7064,7.67317
81,10.6591,7.59642
81.1,10.6115,7.51891
81.2,10.5629,7.4455
81.3,10.514,7.36961
81.4,10.4646,7.29235
81.5,10.4149,7.21473
81.6,10.3645,7.13521
81.7,10.3138,7.05391
81.8,10.2633,6.96976
81.9,10.2131,6.88334
82,10.1625,6.79447
82.1,10.1113,6.70307
82.2,10.0627,6.60866
82.3,10.0152,6.51803
82.4,9.96778,6.428
82.5,9.91939,6.33691
82.6,9.87045,6.24446
82.7,9.82037,6.15074
82.8,9.77073,6.05626
82.9,9.7208,5.96125
83,9.67111,5.8668
83.1,9.62124,5.77262
83.2,9.56781,5.67256
83.3,9.5131,5.56988
83.4,9.45844,5.46624
83.5,9.40405,5.36312
83.6,9.34948,5.26023
83.7,9.29503,5.15894
83.8,9.2409,5.05864
83.9,9.18774,4.95895
84,9.13565,4.86387
84.1,9.08394,4.76962
84.2,9.03278,4.68036
84.3,8.98159,4.59138
84.4,8.92942,4.50835
84.5,8.87688,4.42333
84.6,8.82291,4.34221
84.7,8.77083,4.25416
84.8,8.71692,4.17021
84.9,8.66093,4.09153
85,8.60439,4.0108
85.1,8.54767,3.9314
85.2,8.49137,3.85196
85.3,8.43562,3.77265
85.4,8.38083,3.6932
85.5,8.32693,3.61369
85.6,8.27427,3.53542
85.7,8.22149,3.45791
85.8,8.16818,3.38147
85.9,8.11416,3.3036
86,8.05959,3.22512
86.1,8.00408,3.14887
86.2,7.94885,3.07065
86.3,7.89355,2.99209
86.4,7.83791,2.91325
86.5,7.78218,2.83448
86.6,7.72615,2.75591
86.7,7.66978,2.67684
86.8,7.60851,2.60902
86.9,7.54866,2.5328
87,7.49037,2.45477
87.1,7.43293,2.37451
87.2,7.37599,2.29352
87.3,7.31933,2.21167
87.4,7.26275,2.12964
87.5,7.20624,2.04739
87.6,7.1497,1.96509
87.7,7.09314,1.88227
87.8,7.03647,1.79919
87.9,6.97963,1.71587
88,6.92252,1.63232
88.1,6.86511,1.54837
88.2,6.80736,1.46409
88.3,6.7492,1.37945
88.4,6.69053,1.29447
88.5,6.63137,1.20889
88.6,6.57169,1.12269
88.7,6.51148,1.03573
88.8,6.45079,0.947824
88.9,6.38971,0.858801
89,6.32834,0.768538
89.1,6.26675,0.677104
89.2,6.20499,0.584486
89.3,6.14315,0.490756
89.4,6.08133,0.395923
89.5,6.01958,0.300113
89.6,5.958,0.203384
89.7,5.89666,0.105914
89.8,5.83562,0.00785784
89.9,5.77486,-0.0905516
90,5.71431,-0.189099
90.1,5.65392,-0.287618
90.2,5.59367,-0.385991
90.3,5.53362,-0.48438
90.4,5.47394,-0.583127
90.5,5.41485,-0.682789
90.6,5.35637,-0.783874
90.7,5.29838,-0.886708
90.8,5.24062,-0.991197
90.9,5.18291,-1.09713
91,5.12504,-1.20405
91.1,5.06703,-1.31193
91.2,5.00891,-1.42078
91.3,4.9507,-1.53064
91.4,4.89239,-1.64149
91.5,4.83401,-1.75343
91.6,4.77556,-1.86652
91.7,4.71709,-1.98081
91.8,4.65857,-2.09637
91.9,4.59998,-2.2135
92,4.54125,-2.3299
92.1,4.48223,-2.44626
92.2,4.4231,-2.56305
92.3,4.36397,-2.6804
92.4,4.30477,-2.79792
92.5,4.24561,-2.91569
92.6,4.18665,-3.03384
92.7,4.12782,-3.15224
92.8,4.06946,-3.27067
92.9,4.01142,-3.38937
93,3.95314,-3.50809
93.1,3.89478,-3.62675
93.2,3.8365,-3.7452
93.3,3.77834,-3.8633
93.4,3.72037,-3.981
93.5,3.66267,-4.09826
93.6,3.60521,-4.21508
93.7,3.54802,-4.33142
93.8,3.49118,-4.44722
93.9,3.43495,-4.56233
94,3.37944,-4.67673
94.1,3.3246,-4.79048
94.2,3.27025,-4.90351
94.3,3.21624,-5.0156
94.4,3.16273,-5.12664
94.5,3.10832,-5.23743
94.6,3.05353,-5.34816
94.7,2.99852,-5.45795
94.8,2.94329,-5.56757
94.9,2.88781,-5.67631
95,2.83183,-5.7843
95.1,2.77547,-5.89166
95.2,2.7188,-5.99832
95.3,2.66256,-6.10444
95.4,2.60643,-6.21005
95.5,2.5501,-6.31516
95.6,2.49443,-6.42029
95.7,2.4364,-6.5241
95.8,2.38135,-6.63065
95.9,2.32431,-6.73588
96,2.26735,-6.84238
96.1,2.21003,-6.94888
96.2,2.15285,-7.0559
96.3,2.09601,-7.16343
96.4,2.03971,-7.27158
96.5,1.98405,-7.38032
96.6,1.92925,-7.48963
96.7,1.8752,-7.59963
96.8,1.82173,-7.71023
96.9,1.76866,-7.82109
97,1.71601,-7.9318
97.1,1.66371,-8.04231
97.2,1.61171,-8.15274
97.3,1.56029,-8.26282
97.4,1.50915,-8.37219
97.5,1.45791,-8.47948
97.6,1.40689,-8.58646
97.7,1.35635,-8.6929
97.8,1.30636,-8.7995
97.9,1.25705,-8.90613
98,1.20833,-9.01197
98.1,1.16038,-9.11758
98.2,1.1132,-9.2236
98.3,1.06673,-9.33044
98.4,1.02084,-9.43838
98.5,0.975137,-9.54748
98.6,0.929644,-9.65804
98.7,0.884308,-9.77006
98.8,0.8391,-9.88364
98.9,0.793942,-9.99883
99,0.748747,-10.1156
99.1,0.703488,-10.2335
99.2,0.65814,-10.3525
99.3,0.61248,-10.4701
99.4,0.566966,-10.5878
99.5,0.521634,-10.7057
99.6,0.476512,-10.8243
99.7,0.431708,-10.9435
99.8,0.387302,-11.0633
99.9,0.343347,-11.1836
100,0.299846,-11.3044
100.1,0.256765,-11.4262
100.2,0.213867,-11.5488
100.3,0.170979,-11.6725
100.4,0.127639,-11.7956
100.5,0.0843654,-11.9192
100.6,0.0409494,-12.0434
100.7,-0.00268429,-12.1685
100.8,-0.0467376,-12.2945
100.9,-0.0914287,-12.4216
101,-0.137068,-12.5498
101.1,-0.183927,-12.679
101.2,-0.232375,-12.8074
101.3,-0.282032,-12.9357
101.4,-0.332797,-13.0643
101.5,-0.384769,-13.1929
101.6,-0.437517,-13.3212
101.7,-0.49116,-13.4493
101.8,-0.545657,-13.5771
101.9,-0.600779,-13.7049
102,-0.656061,-13.8327
102.1,-0.710752,-13.9613
102.2,-0.767051,-14.0879
102.3,-0.825141,-14.2122
102.4,-0.884594,-14.3351
102.5,-0.944944,-14.457
102.6,-1.00597,-14.5783
102.7,-1.06737,-14.6992
102.8,-1.12894,-14.82
102.9,-1.19032,-14.9405
103,-1.25131,-15.0609
103.1,-1.31173,-15.1812
103.2,-1.37148,-15.3012
103.3,-1.43049,-15.4209
103.4,-1.48932,-15.5416
103.5,-1.54782,-15.6633
103.6,-1.60575,-15.7838
103.7,-1.66297,-15.9029
103.8,-1.71943,-16.0206
103.9,-1.77514,-16.1372
104,-1.83013,-16.2528
104.1,-1.88444,-16.3676
104.2,-1.93811,-16.4816
104.3,-1.99116,-16.5951
104.4,-2.04362,-16.708
104.5,-2.09551,-16.8204
104.6,-2.14685,-16.9325
104.7,-2.19772,-17.0442
104.8,-2.24817,-17.1556
104.9,-2.29825,-17.2668
105,-2.34802,-17.3777
105.1,-2.39753,-17.4885
105.2,-2.44685,-17.5992
105.3,-2.49607,-17.7098
105.4,-2.54527,-17.8202
105.5,-2.59454,-17.9306
105.6,-2.64397,-18.0409
105.7,-2.69372,-18.151
105.8,-2.74378,-18.2609
105.9,-2.79434,-18.3705
106,-2.84529,-18.4802
106.1,-2.89691,-18.5894
106.2,-2.94916,-18.6981
106.3,-3.00048,-18.8086
106.4,-3.05359,-18.9174
106.5,-3.10779,-19.0252
106.6,-3.16282,-19.1324
106.7,-3.21859,-19.2394
106.8,-3.27504,-19.3461
106.9,-3.33218,-19.4525
107,-3.38996,-19.5589
107.1,-3.44831,-19.6651
107.2,-3.50747,-19.771
107.3,-3.5671,-19.8768
107.4,-3.62735,-19.9824
107.5,-3.68788,-20.088
107.6,-3.74886,-20.1934
107.7,-3.81024,-20.2988
107.8,-3.87194,-20.4042
107.9,-3.93388,-20.5095
108,-3.99598,-20.6149
108.1,-4.05817,-20.7203
108.2,-4.1204,-20.8257
108.3,-4.18262,-20.9312
108.4,-4.24477,-21.0367
108.5,-4.30681,-21.1423
108.6,-4.36872,-21.248
108.7,-4.43046,-21.3538
108.8,-4.49204,-21.4597
108.9,-4.55344,-21.5656
109,-4.61466,-21.6717
109.1,-4.67571,-21.7779
109.2,-4.73659,-21.8842
109.3,-4.79735,-21.9906
109.4,-4.858,-22.0971
109.5,-4.91854,-22.2037
109.6,-4.97901,-22.3104
109.7,-5.03939,-22.4171
109.8,-5.0997,-22.524
109.9,-5.15993,-22.631
110,-5.22008,-22.7381
110.1,-5.28017,-22.8453
110.2,-5.34019,-22.9527
110.3,-5.40012,-23.0601
110.4,-5.45993,-23.1678
110.5,-5.51962,-23.2756
110.6,-5.57893,-23.3837
110.7,-5.63802,-23.492
110.8,-5.69672,-23.6007
110.9,-5.75498,-23.7097
111,-5.81281,-23.8191
111.1,-5.87025,-23.9289
111.2,-5.92732,-24.039
111.3,-5.98408,-24.1496
111.4,-6.04058,-24.2606
111.5,-6.09686,-24.3721
111.6,-6.15295,-24.484
111.7,-6.2089,-24.5964
111.8,-6.26473,-24.7092
111.9,-6.32048,-24.8225
112,-6.37618,-24.9361
112.1,-6.43183,-25.0501
112.2,-6.48744,-25.1644
112.3,-6.54301,-25.2791
112.4,-6.59854,-25.3941
112.5,-6.65403,-25.5093
112.6,-6.70947,-25.6249
112.7,-6.76487,-25.7406
112.8,-6.82022,-25.8566
112.9,-6.87552,-25.9728
113,-6.93076,-26.0892
113.1,-6.98595,-26.2058
113.2,-7.04109,-26.3226
113.3,-7.09618,-26.4395
113.4,-7.15124,-26.5566
113.5,-7.20627,-26.6738
113.6,-7.26126,-26.7912
113.7,-7.31622,-26.9087
113.8,-7.37115,-27.0264
113.9,-7.42604,-27.1442
114,-7.48088,-27.2622
114.1,-7.53569,-27.3803
114.2,-7.59047,-27.4986
114.3,-7.64524,-27.6169
114.4,-7.69999,-27.7354
114.5,-7.75472,-27.8539
114.6,-7.80944,-27.9725
114.7,-7.86412,-28.0913
114.8,-7.91878,-28.2102
114.9,-7.97341,-28.3291
115,-8.02804,-28.4482
115.1,-8.08266,-28.5673
115.2,-8.13727,-28.6865
115.3,-8.19187,-28.8058
115.4,-8.24645,-28.9251
115.5,-8.30101,-29.0444
115.6,-8.35551,-29.1639
115.7,-8.40995,-29.2834
115.8,-8.46434,-29.4029
115.9,-8.5187,-29.5225
116,-8.573,-29.642
116.1,-8.62728,-29.7615
116.2,-8.68155,-29.8809
116.3,-8.73581,-30.0003
116.4,-8.79005,-30.1197
116.5,-8.84425,-30.2389
116.6,-8.89842,-30.3579
116.7,-8.95254,-30.4766
116.8,-9.00662,-30.5951
116.9,-9.06065,-30.7133
117,-9.11465,-30.8311
117.1,-9.16861,-30.9486
117.2,-9.2225,-31.0658
117.3,-9.27632,-31.1825
117.4,-9.3301,-31.2987
117.5,-9.38382,-31.4144
117.6,-9.4375,-31.5296
117.7,-9.49114,-31.6443
117.8,-9.54475,-31.7585
117.9,-9.59834,-31.8722
118,-9.6519,-31.9854
118.1,-9.70542,-32.0982
118.2,-9.7589,-32.2104
118.3,-9.81234,-32.3222
118.4,-9.86575,-32.4334
118.5,-9.91915,-32.5442
118.6,-9.97253,-32.6545
118.7,-10.0259,-32.7643
118.8,-10.0793,-32.8738
118.9,-10.1327,-32.9829
119,-10.1861,-33.0916
119.1,-10.2395,-33.1999
119.2,-10.2929,-33.308
119.3,-10.3463,-33.4158
119.4,-10.3998,-33.5233
119.5,-10.4533,-33.6305
119.6,-10.5069,-33.7376
119.7,-10.5606,-33.8445
119.8,-10.6144,-33.9512
119.9,-10.6682,-34.0578
120,-10.7221,-34.1645
120.1,-10.7762,-34.271
120.2,-10.8304,-34.3776
120.3,-10.8847,-34.4842
120.4,-10.9392,-34.591
120.5,-10.9939,-34.6978
120.6,-11.0488,-34.8048
120.7,-11.1039,-34.9119
120.8,-11.1592,-35.0192
120.9,-11.2147,-35.1266
121,-11.2704,-35.2343
121.1,-11.3263,-35.3421
121.2,-11.3824,-35.4502
121.3,-11.4388,-35.5584
121.4,-11.4953,-35.6669
121.5,-11.5521,-35.7755
121.6,-11.6091,-35.8844
121.7,-11.6663,-35.9935
121.8,-11.7238,-36.1028
121.9,-11.7814,-36.2123
122,-11.8392,-36.322
122.1,-11.8973,-36.4319
122.2,-11.9555,-36.542
122.3,-12.0139,-36.6524
122.4,-12.0725,-36.7629
122.5,-12.1313,-36.8736
122.6,-12.1903,-36.9846
122.7,-12.2495,-37.0957
122.8,-12.3089,-37.207
122.9,-12.3684,-37.3186
123,-12.4282,-37.4303
123.1,-12.4881,-37.5422
123.2,-12.5482,-37.6544
123.3,-12.6085,-37.7667
123.4,-12.669,-37.8793
123.5,-12.7297,-37.992
123.6,-12.7905,-38.105
123.7,-12.8514,-38.2182
123.8,-12.9126,-38.3315
123.9,-12.9739,-38.4451
124,-13.0353,-38.5588
124.1,-13.0969,-38.6727
124.2,-13.1586,-38.7868
124.3,-13.2204,-38.901
124.4,-13.2824,-39.0154
124.5,-13.3445,-39.1299
124.6,-13.4066,-39.2446
124.7,-13.4689,-39.3594
124.8,-13.5313,-39.4743
124.9,-13.5937,-39.5894
125,-13.6563,-39.7045
125.1,-13.7189,-39.8198
125.2,-13.7816,-39.9352
125.3,-13.8443,-40.0506
125.4,-13.9072,-40.1662
125.5,-13.9701,-40.2818
125.6,-14.0331,-40.3975
125.7,-14.0961,-40.5133
125.8,-14.1592,-40.6292
125.9,-14.2223,-40.7451
126,-14.2855,-40.8611
126.1,-14.3487,-40.9772
126.2,-14.412,-41.0933
126.3,-14.4754,-41.2095
126.4,-14.5388,-41.3257
126.5,-14.6022,-41.442
126.6,-14.6657,-41.5584
126.7,-14.7292,-41.6748
126.8,-14.7928,-41.7912
126.9,-14.8563,-41.9077
127,-14.92,-42.0242
127.1,-14.9836,-42.1408
127.2,-15.0473,-42.2574
127.3,-15.1111,-42.3741
127.4,-15.1748,-42.4908
127.5,-15.2386,-42.6075
127.6,-15.3024,-42.7242
127.7,-15.3662,-42.841
127.8,-15.4301,-42.9579
127.9,-15.494,-43.0747
128,-15.5579,-43.1916
128.1,-15.6218,-43.3085
128.2,-15.6857,-43.4254
128.3,-15.7497,-43.5424
128.4,-15.8137,-43.6594
128.5,-15.8777,-43.7764
128.6,-15.9417,-43.8934
128.7,-16.0057,-44.0104
128.8,-16.0697,-44.1275
128.9,-16.1338,-44.2445
129,-16.1978,-44.3616
129.1,-16.2619,-44.4787
129.2,-16.326,-44.5959
129.3,-16.3901,-44.713
129.4,-16.4542,-44.8301
129.5,-16.5183,-44.9473
129.6,-16.5824,-45.0644
129.7,-16.6465,-45.1815
129.8,-16.7107,-45.2986
129.9,-16.7748,-45.4157
130,-16.8389,-45.5328
130.1,-16.9031,-45.6499
130.2,-16.9672,-45.7669
130.3,-17.0314,-45.8839
130.4,-17.0956,-46.0009
130.5,-17.1597,-46.1178
130.6,-17.2239,-46.2348
130.7,-17.2881,-46.3517
130.8,-17.3523,-46.4687
130.9,-17.4164,-46.5856
131,-17.4806,-46.7025
131.1,-17.5448,-46.8193
131.2,-17.609,-46.9362
131.3,-17.6732,-47.0531
131.4,-17.7375,-47.1699
131.5,-17.8017,-47.2867
131.6,-17.8659,-47.4036
131.7,-17.9301,-47.5204
131.8,-17.9943,-47.6372
131.9,-18.0586,-47.7539
132,-18.1228,-47.8707
132.1,-18.1871,-47.9875
132.2,-18.2513,-48.1042
132.3,-18.3155,-48.2209
132.4,-18.3798,-48.3376
132.5,-18.444,-48.4543
132.6,-18.5082,-48.571
132.7,-18.5724,-48.6877
132.8,-18.6367,-48.8043
132.9,-18.7009,-48.9209
133,-18.7651,-49.0376
133.1,-18.8294,-49.1542
133.2,-18.8936,-49.2708
133.3,-18.9578,-49.3873
133.4,-19.022,-49.5039
133.5,-19.0862,-49.6204
133.6,-19.1504,-49.737
133.7,-19.2147,-49.8535
133.8,-19.2789,-49.97
133.9,-19.3431,-50.0865
134,-19.4073,-50.203
134.1,-19.4715,-50.3195
134.2,-19.5357,-50.4359
134.3,-19.5999,-50.5524
134.4,-19.6641,-50.6688
134.5,-19.7283,-50.7852
134.6,-19.7925,-50.9017
134.7,-19.8567,-51.0181
134.8,-19.9209,-51.1345
134.9,-19.9851,-51.2508
135,-20.0493,-51.3672
135.1,-20.1135,-51.4836
135.2,-20.1777,-51.5999
135.3,-20.2419,-51.7163
135.4,-20.306,-51.8326
135.5,-20.3702,-51.949
135.6,-20.4344,-52.0653
135.7,-20.4986,-52.1816
135.8,-20.5627,-52.2979
135.9,-20.6269,-52.4142
136,-20.6911,-52.5305
136.1,-20.7552,-52.6468
136.2,-20.8194,-52.7631
136.3,-20.8835,-52.8793
136.4,-20.9477,-52.9956
136.5,-21.0118,-53.1119
136.6,-21.076,-53.2281
136.7,-21.1401,-53.3444
136.8,-21.2042,-53.4607
136.9,-21.2684,-53.5769
137,-21.3325,-53.6932
137.1,-21.3966,-53.8094
137.2,-21.4607,-53.9257
137.3,-21.5249,-54.0419
137.4,-21.589,-54.1582
137.5,-21.6531,-54.2745
137.6,-21.7172,-54.3907
137.7,-21.7813,-54.507
137.8,-21.8454,-54.6232
137.9,-21.9095,-54.7395
138,-21.9735,-54.8558
138.1,-22.0376,-54.972
138.2,-22.1017,-55.0883
138.3,-22.1658,-55.2046
138.4,-22.2298,-55.3209
138.5,-22.2939,-55.4372
138.6,-22.358,-55.5535
138.7,-22.422,-55.6698
138.8,-22.4861,-55.7861
138.9,-22.5501,-55.9024
139,-22.6141,-56.0187
139.1,-22.6782,-56.1351
139.2,-22.7422,-56.2514
139.3,-22.8062,-56.3678
139.4,-22.8703,-56.4841
139.5,-22.9343,-56.6005
139.6,-22.9983,-56.7169
139.7,-23.0623,-56.8332
139.8,-23.1263,-56.9496
139.9,-23.1903,-57.066
140,-23.2543,-57.1824
140.1,-23.3183,-57.2988
140.2,-23.3823,-57.4152
140.3,-23.4463,-57.5317
140.4,-23.5102,-57.6481
140.5,-23.5742,-57.7645
140.6,-23.6382,-57.881
140.7,-23.7021,-57.9975
140.8,-23.7661,-58.1139
140.9,-23.83,-58.2304
141,-23.894,-58.3469
141.1,-23.9579,-58.4635
141.2,-24.0218,-58.58
141.3,-24.0858,-58.6965
141.4,-24.1497,-58.8131
141.5,-24.2136,-58.9296
141.6,-24.2776,-59.0461
141.7,-24.3416,-59.1626
141.8,-24.4056,-59.2791
141.9,-24.4696,-59.3956
142,-24.5336,-59.5121
142.1,-24.5976,-59.6286
142.2,-24.6616,-59.745
142.3,-24.7256,-59.8615
142.4,-24.7896,-59.978
142.5,-24.8536,-60.0945
142.6,-24.9176,-60.211
142.7,-24.9816,-60.3275
142.8,-25.0455,-60.4441
142.9,-25.1095,-60.5606
143,-25.1734,-60.6771
143.1,-25.2373,-60.7937
143.2,-25.3013,-60.9102
143.3,-25.3652,-61.0268
143.4,-25.4291,-61.1433
143.5,-25.4929,-61.2599
143.6,-25.5568,-61.3765
143.7,-25.6207,-61.493
143.8,-25.6845,-61.6096
143.9,-25.7483,-61.7262
144,-25.8122,-61.8428
144.1,-25.876,-61.9594
144.2,-25.9398,-62.076
144.3,-26.0036,-62.1926
144.4,-26.0674,-62.3092
144.5,-26.1311,-62.4258
144.6,-26.1949,-62.5425
144.7,-26.2587,-62.6591
144.8,-26.3224,-62.7757
144.9,-26.3861,-62.8923
145,-26.4498,-63.0089
145.1,-26.5136,-63.1255
145.2,-26.5773,-63.2421
145.3,-26.6409,-63.3587
145.4,-26.7046,-63.4753
145.5,-26.7683,-63.5919
145.6,-26.832,-63.7085
145.7,-26.8956,-63.8251
145.8,-26.9592,-63.9417
145.9,-27.0229,-64.0582
146,-27.0865,-64.1748
146.1,-27.1501,-64.2913
146.2,-27.2137,-64.4079
146.3,-27.2773,-64.5244
146.4,-27.3409,-64.6409
146.5,-27.4045,-64.7574
146.6,-27.468,-64.8738
146.7,-27.5316,-64.9903
146.8,-27.5952,-65.1067
146.9,-27.6587,-65.2231
147,-27.7222,-65.3394
147.1,-27.7858,-65.4558
147.2,-27.8493,-65.5721
147.3,-27.9129,-65.6884
147.4,-27.9764,-65.8047
147.5,-28.0399,-65.9209
147.6,-28.1035,-66.0371
147.7,-28.167,-66.1533
147.8,-28.2305,-66.2694
147.9,-28.294,-66.3855
148,-28.3576,-66.5015
148.1,-28.4211,-66.6175
148.2,-28.4846,-66.7335
148.3,-28.5482,-66.8494
148.4,-28.6117,-66.9652
148.5,-28.6752,-67.081
148.6,-28.7388,-67.1968
148.7,-28.8023,-67.3124
148.8,-28.8659,-67.428
148.9,-28.9294,-67.5436
149,-28.993,-67.659
149.1,-29.0565,-67.7744
149.2,-29.1201,-67.8897
149.3,-29.1836,-68.005
149.4,-29.2472,-68.1201
149.5,-29.3108,-68.2352
149.6,-29.3744,-68.3502
149.7,-29.4379,-68.465
149.8,-29.5015,-68.5798
149.9,-29.5651,-68.6945
150,-29.6287,-68.8091
150.1,-29.6923,-68.9236
150.2,-29.7559,-69.038
150.3,-29.8195,-69.1523
150.4,-29.8831,-69.2665
150.5,-29.9466,-69.3806
150.6,-30.0102,-69.4946
150.7,-30.0738,-69.6084
150.8,-30.1374,-69.7221
150.9,-30.201,-69.8357
151,-30.2646,-69.9491
151.1,-30.3283,-70.0625
151.2,-30.3919,-70.1756
151.3,-30.4555,-70.2887
151.4,-30.5191,-70.4016
151.5,-30.5827,-70.5144
151.6,-30.6464,-70.627
151.7,-30.71,-70.7395
151.8,-30.7736,-70.8518
151.9,-30.8373,-70.964
152,-30.9009,-71.0761
152.1,-30.9645,-71.188
152.2,-31.0282,-71.2998
152.3,-31.0918,-71.4114
152.4,-31.1554,-71.5229
152.5,-31.219,-71.6343
152.6,-31.2826,-71.7455
152.7,-31.3462,-71.8565
152.8,-31.4098,-71.9674
152.9,-31.4734,-72.0782
153,-31.5371,-72.1889
153.1,-31.6007,-72.2993
153.2,-31.6643,-72.4097
153.3,-31.728,-72.5199
153.4,-31.7916,-72.63
153.5,-31.8553,-72.7399
153.6,-31.9189,-72.8497
153.7,-31.9825,-72.9594
153.8,-32.0462,-73.0689
153.9,-32.1098,-73.1783
154,-32.1734,-73.2875
154.1,-32.237,-73.3966
154.2,-32.3006,-73.5055
154.3,-32.3642,-73.6143
154.4,-32.4277,-73.723
154.5,-32.4913,-73.8315
154.6,-32.5548,-73.9399
154.7,-32.6183,-74.0481
154.8,-32.6818,-74.1562
154.9,-32.7453,-74.2642
155,-32.8088,-74.372
155.1,-32.8722,-74.4797
155.2,-32.9357,-74.5872
155.3,-32.9991,-74.6946
155.4,-33.0625,-74.8018
155.5,-33.1259,-74.9089
155.6,-33.1893,-75.0159
155.7,-33.2526,-75.1227
155.8,-33.316,-75.2294
155.9,-33.3793,-75.3359
156,-33.4426,-75.4423
156.1,-33.5059,-75.5486
156.2,-33.5692,-75.6546
156.3,-33.6325,-75.7606
156.4,-33.6957,-75.8664
156.5,-33.759,-75.972
156.6,-33.8222,-76.0775
156.7,-33.8854,-76.1828
156.8,-33.9486,-76.288
156.9,-34.0118,-76.3931
157,-34.0749,-76.498
157.1,-34.138,-76.6027
157.2,-34.201,-76.7073
157.3,-34.2641,-76.8117
157.4,-34.3271,-76.916
157.5,-34.39,-77.0201
157.6,-34.4529,-77.124
157.7,-34.5158,-77.2278
157.8,-34.5786,-77.3313
157.9,-34.6413,-77.4347
158,-34.704,-77.5379
158.1,-34.7666,-77.6409
158.2,-34.8287,-77.744
158.3,-34.8904,-77.8471
158.4,-34.9519,-77.9503
158.5,-35.0131,-78.0533
158.6,-35.0741,-78.1562
158.7,-35.1349,-78.259
158.8,-35.1954,-78.3615
158.9,-35.2558,-78.4638
159,-35.3159,-78.5659
159.1,-35.3757,-78.6677
159.2,-35.4353,-78.7693
159.3,-35.4946,-78.8707
159.4,-35.5536,-78.9717
159.5,-35.6123,-79.0724
159.6,-35.6706,-79.1727
159.7,-35.7286,-79.2726
159.8,-35.7857,-79.3718
159.9,-35.8417,-79.471
160,-35.8972,-79.57
160.1,-35.9523,-79.6683
160.2,-36.0073,-79.7661
160.3,-36.0619,-79.8623
160.4,-36.1162,-79.9578
160.5,-36.1705,-80.0529
160.6,-36.2245,-80.143
160.7,-36.2785,-80.2325
160.8,-36.3308,-80.3229
160.9,-36.3825,-80.414
161,-36.4332,-80.5054
161.1,-36.4827,-80.5968
161.2,-36.5307,-80.6888
161.3,-36.577,-80.7815
161.4,-36.6185,-80.8725
161.5,-36.6565,-80.9686
161.6,-36.673,-81.0712
161.7,-36.7222,-81.1712
161.8,-36.7659,-81.3209
161.9,-36.7911,-81.433
162,-36.8368,-81.5418
162.1,-36.8794,-81.6513
162.2,-36.9114,-81.7493
162.3,-36.9556,-81.8466
162.4,-36.9914,-81.9395
162.5,-37.0307,-82.0307
162.6,-37.0767,-82.117
162.7,-37.1275,-82.2026
162.8,-37.1794,-82.2818
162.9,-37.2223,-82.3624
163,-37.2645,-82.4378
163.1,-37.3105,-82.5134
163.2,-37.3591,-82.5878
163.3,-37.4006,-82.6616
163.4,-37.4451,-82.74
163.5,-37.461,-82.8258
163.6,-37.4949,-82.9035
163.7,-37.533,-82.9643
163.8,-37.5733,-83.0376
163.9,-37.6266,-83.1099
164,-37.6556,-83.14
164.1,-37.7175,-83.18
164.2,-37.7295,-83.2204
164.3,-37.7654,-83.265
164.4,-37.7935,-83.3258
164.5,-37.8166,-83.3727
164.6,-37.8451,-83.4203
164.7,-37.8731,-83.4657
164.8,-37.9146,-83.5219
164.9,-37.9433,-83.5702
165,-37.9824,-83.63
165.1,-37.9716,-83.6904
165.2,-37.9849,-83.7577
165.3,-38.0377,-83.8188
165.4,-38.0824,-83.8753
165.5,-38.164,-83.9035
165.6,-38.2418,-83.9526
165.7,-38.2683,-83.9591
165.8,-38.2471,-83.9806
165.9,-38.2357,-84.0512
166,-38.2509,-84.1129
166.1,-38.277,-84.1788
166.2,-38.3134,-84.2542
166.3,-38.3634,-84.3315
166.4,-38.4279,-84.405
166.5,-38.4748,-84.4759
166.6,-38.5184,-84.524
166.7,-38.5618,-84.522
166.8,-38.6256,-84.5658
166.9,-38.6631,-84.6057
167,-38.6556,-84.6676
167.1,-38.6692,-84.7013
167.2,-38.6837,-84.7525
167.3,-38.6652,-84.7661
167.4,-38.6672,-84.8254
167.5,-38.6991,-84.8673
167.6,-38.7794,-84.8968
167.7,-38.88,-84.924
167.8,-38.9646,-84.9986
167.9,-39.0174,-85.0396
168,-39.0045,-85.0998
168.1,-38.9975,-85.1311
168.2,-38.9874,-85.1623
168.3,-39.0008,-85.201
168.4,-38.972,-85.2588
168.5,-38.9856,-85.2909
168.6,-38.9873,-85.3324
168.7,-38.9928,-85.4075
168.8,-39.0122,-85.4799
168.9,-39.0281,-85.5623
169,-39.0435,-85.6166
169.1,-39.0621,-85.676
169.2,-39.0902,-85.8
169.3,-39.0855,-85.9297
169.4,-39.1249,-86.0359
169.5,-39.2072,-86.1352
169.6,-39.2666,-86.1609
169.7,-39.2603,-86.196
169.8,-39.2655,-86.2443
169.9,-39.2464,-86.2781
170,-39.2817,-86.353
170.1,-39.372,-86.421
170.2,-39.4319,-86.3762
170.3,-39.4375,-86.2784
170.4,-39.4712,-86.1997
170.5,-39.4598,-86.1425
170.6,-39.5389,-86.0928
170.7,-39.5798,-86.0268
170.8,-39.5753,-85.9818
170.9,-39.621,-85.9709
171,-39.6645,-86.0274
171.1,-39.7448,-86.0582
171.2,-39.7799,-86.1016
171.3,-39.798,-86.1189
171.4,-39.786,-86.136
171.5,-39.8308,-86.1555
171.6,-39.8371,-86.147
171.7,-39.8399,-86.1547
171.8,-39.8537,-86.1739
171.9,-39.8385,-86.2268
172,-39.8329,-86.2569
172.1,-39.8722,-86.2651
172.2,-39.9321,-86.272
172.3,-39.9963,-86.3094
172.4,-40.0582,-86.3687
172.5,-40.141,-86.3795
172.6,-40.1361,-86.3397
172.7,-40.1856,-86.3231
172.8,-40.2364,-86.4013
172.9,-40.3301,-86.4518
173,-40.3905,-86.5173
173.1,-40.4258,-86.5472
173.2,-40.4705,-86.6053
173.3,-40.5405,-86.6203
173.4,-40.6103,-86.6946
173.5,-40.7111,-86.8005
173.6,-40.7505,-86.9212
173.7,-40.768,-87.0284
173.8,-40.8343,-87.1251
173.9,-40.8845,-87.1418
174,-40.8928,-87.1004
174.1,-40.8642,-87.0928
174.2,-40.8824,-87.0673
174.3,-40.8785,-87.0868
174.4,-40.9101,-87.1414
174.5,-40.9628,-87.1537
174.6,-40.9781,-87.2176
174.7,-41.0433,-87.2837
174.8,-41.083,-87.3561
174.9,-41.1059,-87.4466
175,-41.1532,-87.5128
175.1,-41.1952,-87.5693
175.2,-41.2343,-87.5483
175.3,-41.2286,-87.5454
175.4,-41.2676,-87.5649
175.5,-41.3097,-87.5345
175.6,-41.3106,-87.5324
175.7,-41.3917,-87.5415
175.8,-41.5215,-87.5733
175.9,-41.6428,-87.6281
176,-41.7617,-87.6051
176.1,-41.7819,-87.6021
176.2,-41.8445,-87.6041
176.3,-41.9267,-87.6519
176.4,-42.0386,-87.6886
176.5,-42.0903,-87.7477
176.6,-42.0944,-87.7651
176.7,-42.1471,-87.7943
176.8,-42.2528,-87.8146
176.9,-42.348,-87.8421
177,-42.3278,-87.9865
177.1,-42.3905,-88.1505
177.2,-42.3666,-88.253
177.3,-42.3837,-88.3796
177.4,-42.4467,-88.4866
177.5,-42.5419,-88.5226
177.6,-42.6238,-88.4381
177.7,-42.7214,-88.421
177.8,-42.8118,-88.3482
177.9,-42.8841,-88.504
178,-42.9783,-88.6314
178.1,-43.0497,-88.6869
178.2,-43.0858,-88.6858
178.3,-43.0863,-88.7095
178.4,-43.0685,-88.6876
178.5,-43.0928,-88.6784
178.6,-43.0679,-88.7112
178.7,-43.0495,-88.853
178.8,-42.9737,-88.9719
178.9,-42.9218,-89.132
179,-42.9197,-89.2972
179.1,-42.8672,-89.4327
179.2,-42.8402,-89.5176
179.3,-42.7863,-89.5052
179.4,-42.8015,-89.4794
179.5,-42.8813,-89.4782
179.6,-42.9236,-89.5058
179.7,-42.937,-89.6089
179.8,-42.8711,-89.7036
179.9,-42.8667,-89.7815
180,-42.9418,-89.8039
180.1,-43.0281,-89.8207
180.2,-43.0466,-89.8421
180.3,-43.004,-89.8426
180.4,-42.9314,-89.88
180.5,-42.8931,-90.0029
180.6,-42.8935,-90.1112
180.7,-42.8546,-90.1953
180.8,-42.8288,-90.3253
180.9,-42.8052,-90.3896
181,-42.797,-90.449
181.1,-42.846,-90.5284
181.2,-42.9065,-90.5648
181.3,-42.9914,-90.6208
181.4,-43.0618,-90.6098
181.5,-43.0874,-90.5763
181.6,-43.1106,-90.5928
181.7,-43.087,-90.594
181.8,-43.1004,-90.5812
181.9,-43.0178,-90.6337
182,-42.9262,-90.7045
182.1,-42.9051,-90.8111
182.2,-42.8725,-90.9451
182.3,-42.8235,-91.0417
182.4,-42.7534,-91.0916
182.5,-42.7404,-91.1411
182.6,-42.8492,-91.183
182.7,-42.9659,-91.2368
182.8,-43.0539,-91.2447
182.9,-43.1307,-91.2345
183,-43.1731,-91.1852
183.1,-43.2138,-91.2674
183.2,-43.3123,-91.2717
183.3,-43.4452,-91.2904
183.4,-43.5036,-91.3924
183.5,-43.5368,-91.4942
183.6,-43.5476,-91.6178
183.7,-43.6958,-91.6214
183.8,-43.7585,-91.5997
183.9,-43.836,-91.7056
184,-43.86,-91.7079
184.1,-43.8868,-91.6681
184.2,-43.9288,-91.7095
184.3,-43.932,-91.7603
184.4,-43.9918,-91.797
184.5,-44.1425,-91.8226
184.6,-44.3056,-91.9148
184.7,-44.2997,-91.9103
184.8,-44.3408,-91.9086
184.9,-44.4751,-91.9834
185,-44.6219,-91.9993
185.1,-44.7418,-91.9971
185.2,-44.8014,-92.0683
185.3,-44.889,-92.1351
185.4,-45.0373,-92.2118
185.5,-45.1243,-92.1732
185.6,-45.1475,-92.0955
185.7,-45.126,-92.0103
185.8,-45.1604,-91.9197
185.9,-45.172,-91.8846
186,-45.1813,-91.9112
186.1,-45.2946,-91.8195
186.2,-45.3553,-91.7211
186.3,-45.2932,-91.5746
186.4,-45.246,-91.4894
186.5,-45.2348,-91.4523
186.6,-45.1705,-91.4543
186.7,-45.0803,-91.4376
186.8,-44.9541,-91.4135
186.9,-44.9004,-91.4606
187,-44.8581,-91.5
187.1,-44.8935,-91.5809
187.2,-44.9567,-91.6742
187.3,-45.0561,-91.7305
187.4,-45.0895,-91.8305
187.5,-45.1194,-91.875
187.6,-45.1743,-91.9359
187.7,-45.2367,-91.9697
187.8,-45.2588,-91.9881
187.9,-45.2319,-92.0584
188,-45.1635,-92.0905
188.1,-45.1953,-92.1212
188.2,-45.2216,-92.1053
188.3,-45.2045,-92.051
188.4,-45.1381,-92.0815
188.5,-45.0679,-92.136
188.6,-44.9993,-92.1803
188.7,-44.9019,-92.2221
188.8,-44.9245,-92.2109
188.9,-44.9165,-92.1868
189,-44.918,-92.1711
189.1,-44.9779,-92.2963
189.2,-44.9838,-92.3905
189.3,-44.9276,-92.368
189.4,-44.9137,-92.4104
189.5,-44.9138,-92.4706
189.6,-44.8724,-92.5669
189.7,-44.6987,-92.6107
189.8,-44.688,-92.7456
189.9,-44.7108,-92.7685
190,-44.7869,-92.6889
190.1,-44.9355,-92.5743
190.2,-45.0998,-92.5829
190.3,-45.1756,-92.5406
190.4,-45.1638,-92.4828
190.5,-45.2144,-92.4385
190.6,-45.234,-92.3713
190.7,-45.2255,-92.3661
190.8,-45.2889,-92.3731
190.9,-45.2931,-92.3339
191,-45.3469,-92.3114
191.1,-45.3785,-92.3704
191.2,-45.3794,-92.3768
191.3,-45.4233,-92.3718
191.4,-45.4279,-92.3897
191.5,-45.35,-92.4406
191.6,-45.3377,-92.4532
191.7,-45.3113,-92.4456
191.8,-45.2855,-92.4584
191.9,-45.329,-92.5066
192,-45.2659,-92.5081
192.1,-45.2426,-92.4407
192.2,-45.182,-92.473
192.3,-45.0612,-92.5127
192.4,-44.9649,-92.5087
192.5,-44.8672,-92.6117
192.6,-44.7875,-92.6993
192.7,-44.6966,-92.6773
192.8,-44.6999,-92.556
192.9,-44.7739,-92.4405
193,-44.833,-92.4907
193.1,-44.7901,-92.6177
193.2,-44.6584,-92.7498
193.3,-44.5138,-92.7545
193.4,-44.434,-92.7578
193.5,-44.4388,-92.6899
193.6,-44.4475,-92.6393
193.7,-44.4353,-92.5671
193.8,-44.4551,-92.5185
193.9,-44.4269,-92.5146
194,-44.4457,-92.5247
194.1,-44.4837,-92.5947
194.2,-44.363,-92.7199
194.3,-44.2946,-92.7164
194.4,-44.2585,-92.5795
194.5,-44.1982,-92.5887
194.6,-44.0717,-92.7647
194.7,-44.0664,-92.8335
194.8,-44.0423,-92.7549
194.9,-44.0751,-92.68
195,-44.1102,-92.6835
195.1,-44.1279,-92.7112
195.2,-44.0881,-92.7647
195.3,-44.0491,-92.8474
195.4,-44.0877,-92.9478
195.5,-44.1254,-93.1147
195.6,-44.2231,-93.2308
195.7,-44.2012,-93.2483
195.8,-44.1632,-93.2658
195.9,-44.1885,-93.2228
196,-44.2158,-93.1719
196.1,-44.3231,-93.0699
196.2,-44.3454,-92.9852
196.3,-44.3196,-92.957
196.4,-44.4593,-93.0598
196.5,-44.5968,-93.2076
196.6,-44.6336,-93.2467
196.7,-44.6631,-93.2736
196.8,-44.5561,-93.2814
196.9,-44.5614,-93.351
197,-44.6238,-93.3472
197.1,-44.6687,-93.2806
197.2,-44.6854,-93.1497
197.3,-44.6227,-93.0769
197.4,-44.5429,-93.0191
197.5,-44.5055,-92.9699
197.6,-44.528,-92.8576
197.7,-44.57,-92.8423
197.8,-44.5628,-92.9163
197.9,-44.5106,-92.8605
198,-44.415,-92.8133
198.1,-44.4253,-92.777
198.2,-44.5374,-92.7531
198.3,-44.5665,-92.7471
198.4,-44.456,-92.6712
198.5,-44.3852,-92.5543
198.6,-44.3784,-92.4059
198.7,-44.328,-92.282
198.8,-44.3809,-92.1979
198.9,-44.4273,-92.2354
199,-44.4399,-92.2296
199.1,-44.3449,-92.2143
199.2,-44.244,-92.2524
199.3,-44.2139,-92.2867
199.4,-44.1727,-92.3776
199.5,-44.0849,-92.4442
199.6,-44.1512,-92.5876
199.7,-44.1655,-92.737
199.8,-44.16,-92.8844
199.9,-44.2417,-93.0429
200,-44.3604,-93.1678
200.1,-44.4299,-93.3182
200.2,-44.4632,-93.3553
200.3,-44.549,-93.4004
200.4,-44.5469,-93.375
200.5,-44.6695,-93.408
200.6,-44.6486,-93.3761
200.7,-44.5879,-93.3372
200.8,-44.6474,-93.3788
200.9,-44.6892,-93.5596
201,-44.6646,-93.6272
201.1,-44.7146,-93.5366
201.2,-44.8407,-93.5209
201.3,-44.9762,-93.5767
201.4,-45.0819,-93.5818
201.5,-45.086,-93.5761
201.6,-45.1076,-93.5454
201.7,-45.1638,-93.6263
201.8,-45.1473,-93.609
201.9,-45.1216,-93.6016
202,-45.1565,-93.5777
202.1,-45.1628,-93.6268
202.2,-45.1647,-93.7456
202.3,-45.1909,-93.7559
202.4,-45.1506,-93.6999
202.5,-45.1189,-93.6651
202.6,-45.0934,-93.5913
202.7,-45.1072,-93.5806
202.8,-45.0354,-93.5164
202.9,-45.0329,-93.4295
203,-45.0907,-93.3289
203.1,-45.1254,-93.184
203.2,-45.1487,-93.1137
203.3,-45.052,-93.0801
203.4,-44.9326,-93.1132
203.5,-44.7977,-93.1021
203.6,-44.6784,-93.1843
203.7,-44.6658,-93.2307
203.8,-44.7222,-93.3025
203.9,-44.729,-93.3791
204,-44.7137,-93.5007
204.1,-44.7704,-93.5451
204.2,-44.8257,-93.51
204.3,-44.9367,-93.5517
204.4,-44.9657,-93.5797
204.5,-44.9144,-93.6053
204.6,-44.9201,-93.7023
204.7,-44.9382,-93.8195
204.8,-45.074,-93.891
204.9,-45.2497,-93.85
205,-45.3718,-93.7283
205.1,-45.3919,-93.5193
205.2,-45.3489,-93.3945
205.3,-45.3455,-93.3003
205.4,-45.301,-93.2368
205.5,-45.2875,-93.242
205.6,-45.337,-93.3285
205.7,-45.3771,-93.2934
205.8,-45.4129,-93.2677
205.9,-45.5018,-93.2095
206,-45.606,-93.2028
206.1,-45.6909,-93.3038
206.2,-45.6969,-93.344
206.3,-45.5867,-93.2637
206.4,-45.518,-93.1473
206.5,-45.5343,-93.1022
206.6,-45.6038,-93.0635
206.7,-45.6166,-93.0626
206.8,-45.5907,-93.1135
206.9,-45.5614,-93.1133
207,-45.5216,-93.0824
207.1,-45.551,-92.953
207.2,-45.5449,-92.8217
207.3,-45.5553,-92.7165
207.4,-45.5918,-92.6678
207.5,-45.7124,-92.6179
207.6,-45.7369,-92.6041
207.7,-45.8162,-92.5758
207.8,-45.8418,-92.4158
207.9,-45.8072,-92.3364
208,-45.7097,-92.3658
208.1,-45.5789,-92.3892
208.2,-45.5853,-92.3803
208.3,-45.6268,-92.2568
208.4,-45.7507,-92.1862
208.5,-45.8145,-92.22
208.6,-45.8804,-92.1787
208.7,-45.8778,-92.1073
208.8,-45.9612,-92.0391
208.9,-46.0827,-92.071
209,-46.1649,-91.9899
209.1,-46.2953,-91.9096
209.2,-46.4231,-91.9271
209.3,-46.4936,-91.9345
209.4,-46.5071,-92.0799
209.5,-46.5031,-92.1897
209.6,-46.5353,-92.2373
209.7,-46.5555,-92.3594
209.8,-46.597,-92.4316
209.9,-46.5895,-92.4938
210,-46.6181,-92.587
210.1,-46.6127,-92.6205
210.2,-46.5918,-92.6303
210.3,-46.5122,-92.613
210.4,-46.4743,-92.5279
210.5,-46.4083,-92.5604
210.6,-46.369,-92.542
210.7,-46.3874,-92.5293
210.8,-46.4098,-92.4923
210.9,-46.3966,-92.4876
211,-46.3913,-92.5154
211.1,-46.4018,-92.4822
211.2,-46.3861,-92.4915
211.3,-46.3861,-92.5484
211.4,-46.425,-92.574
211.5,-46.4736,-92.5506
211.6,-46.504,-92.4931
211.7,-46.4898,-92.4315
211.8,-46.4946,-92.3524
211.9,-46.5402,-92.3292
212,-46.6625,-92.343
212.1,-46.7557,-92.4604
212.2,-46.8595,-92.4669
212.3,-46.8846,-92.4322
212.4,-46.89,-92.4434
212.5,-46.9453,-92.4496
212.6,-46.9671,-92.4567
212.7,-46.9919,-92.4813
212.8,-47.1095,-92.4903
212.9,-47.1764,-92.4932
213,-47.2445,-92.5561
213.1,-47.2354,-92.627
213.2,-47.2262,-92.637
213.3,-47.2593,-92.6734
213.4,-47.2428,-92.7044
213.5,-47.2057,-92.7435
213.6,-47.1995,-92.7422
213.7,-47.2663,-92.7029
213.8,-47.3585,-92.7318
213.9,-47.4229,-92.731
214,-47.4278,-92.7428
214.1,-47.3709,-92.7665
214.2,-47.3602,-92.8093
214.3,-47.3513,-92.8215
214.4,-47.4418,-92.9278
214.5,-47.5872,-92.9592
214.6,-47.5764,-93.0758
214.7,-47.6716,-93.1385
214.8,-47.775,-93.1315
214.9,-47.8636,-93.1723
215,-47.9345,-93.2659
215.1,-47.9267,-93.3569
215.2,-47.9139,-93.4066
215.3,-47.9381,-93.4019
215.4,-47.9857,-93.4177
215.5,-48.1065,-93.2978
215.6,-48.1988,-93.2114
215.7,-48.3492,-93.2136
215.8,-48.3723,-93.1908
215.9,-48.3354,-93.2018
216,-48.2486,-93.2161
216.1,-48.1522,-93.1286
216.2,-48.0782,-93.0737
216.3,-48.0466,-93.1179
216.4,-48.0244,-93.2143
216.5,-47.9369,-93.2932
216.6,-47.908,-93.3144
216.7,-47.8165,-93.3442
216.8,-47.7568,-93.3286
216.9,-47.6281,-93.4065
217,-47.5657,-93.4996
217.1,-47.482,-93.4795
217.2,-47.4498,-93.4542
217.3,-47.4705,-93.3884
217.4,-47.5203,-93.2437
217.5,-47.5046,-93.0977
217.6,-47.355,-93.1106
217.7,-47.1644,-93.1865
217.8,-47.0175,-93.2064
217.9,-46.9219,-93.1261
218,-46.9252,-93.0416
218.1,-46.9005,-93.0439
218.2,-46.9142,-93.0764
218.3,-46.9151,-93.14
218.4,-46.8983,-93.1142
218.5,-46.9508,-93.0013
218.6,-46.8969,-92.946
218.7,-46.9015,-92.9186
218.8,-46.8485,-92.8911
218.9,-46.8388,-92.9142
219,-46.8311,-92.9031
219.1,-46.8544,-92.9194
219.2,-46.9044,-92.9812
219.3,-46.9471,-92.8928
219.4,-46.8684,-92.8719
219.5,-46.7612,-92.9209
219.6,-46.6875,-93.007
219.7,-46.6645,-93.1185
219.8,-46.7087,-93.1167
219.9,-46.7967,-93.058
220,-46.853,-92.9924
220.1,-46.9084,-92.9807
220.2,-46.9863,-93.0486
220.3,-47.0433,-93.0002
220.4,-47.1138,-92.9171
220.5,-47.1492,-92.835
220.6,-47.0624,-92.7967
220.7,-47.0187,-92.733
220.8,-47.0245,-92.6627
220.9,-47.0781,-92.5935
221,-47.0688,-92.6291
221.1,-47.0008,-92.6452
221.2,-46.9448,-92.5931
221.3,-46.9417,-92.5164
221.4,-47.02,-92.4422
221.5,-47.0412,-92.3136
221.6,-47.1427,-92.2784
221.7,-47.214,-92.1605
221.8,-47.1567,-91.9994
221.9,-47.0303,-91.8915
222,-46.8837,-91.8293
222.1,-46.775,-91.757
222.2,-46.6622,-91.7303
222.3,-46.5646,-91.6738
222.4,-46.4749,-91.7434
222.5,-46.4406,-91.8378
222.6,-46.3997,-91.9118
222.7,-46.4603,-91.9914
222.8,-46.5437,-92.0255
222.9,-46.6384,-92.011
223,-46.7357,-91.9739
223.1,-46.7943,-91.9051
223.2,-46.8686,-91.8839
223.3,-46.893,-91.802
223.4,-46.964,-91.7449
223.5,-46.9821,-91.6825
223.6,-46.9393,-91.6173
223.7,-46.9363,-91.5798
223.8,-46.9071,-91.5811
223.9,-46.9132,-91.571
224,-46.8546,-91.5462
224.1,-46.847,-91.5632
224.2,-46.8797,-91.5437
224.3,-46.8728,-91.5548
224.4,-46.9123,-91.5473
224.5,-46.9413,-91.5571
224.6,-47.011,-91.5378
224.7,-47.0445,-91.484
224.8,-47.0354,-91.4407
224.9,-47.0712,-91.3754
225,-47.0942,-91.3222
225.1,-47.0384,-91.3241
225.2,-46.9648,-91.2792
225.3,-46.9499,-91.2152
225.4,-46.991,-91.1736
225.5,-47.0308,-91.1484
225.6,-47.0647,-91.1515
225.7,-47.0922,-91.1228
225.8,-47.0729,-91.0765
225.9,-47.0652,-91.0503
226,-47.0951,-91.0564
226.1,-47.1128,-91.0489
226.2,-47.1189,-90.9929
226.3,-47.1304,-90.9796
226.4,-47.1415,-90.9889
226.5,-47.18,-90.9563
226.6,-47.225,-90.9133
226.7,-47.1841,-90.8657
226.8,-47.1463,-90.8667
226.9,-47.1581,-90.8744
227,-47.162,-90.8293
227.1,-47.199,-90.8017
227.2,-47.2742,-90.7418
227.3,-47.2995,-90.6782
227.4,-47.3233,-90.6431
227.5,-47.3522,-90.6164
227.6,-47.364,-90.5996
227.7,-47.3724,-90.6013
227.8,-47.3681,-90.5914
227.9,-47.3606,-90.6182
228,-47.4019,-90.6335
228.1,-47.3972,-90.6289
228.2,-47.4164,-90.6385
228.3,-47.4614,-90.6141
228.4,-47.462,-90.5195
228.5,-47.4697,-90.4673
228.6,-47.4851,-90.4413
228.7,-47.4991,-90.4346
228.8,-47.5258,-90.4391
228.9,-47.5136,-90.4749
229,-47.5038,-90.5275
229.1,-47.4569,-90.5827
229.2,-47.3565,-90.645
229.3,-47.3265,-90.7518
229.4,-47.3501,-90.8569
229.5,-47.3394,-90.9743
229.6,-47.3458,-91.0448
229.7,-47.402,-91.1097
229.8,-47.4152,-91.1491
229.9,-47.3789,-91.1809
230,-47.3269,-91.162
230.1,-47.2857,-91.1434
230.2,-47.2583,-91.1442
230.3,-47.2082,-91.1347
230.4,-47.2016,-91.1121
230.5,-47.1978,-91.0831
230.6,-47.218,-91.0488
230.7,-47.2028,-90.9895
230.8,-47.205,-90.959
230.9,-47.1978,-90.9276
231,-47.1958,-90.9151
231.1,-47.1981,-90.9183
231.2,-47.1733,-90.9606
231.3,-47.1242,-90.9591
231.4,-47.1055,-90.9668
231.5,-47.1335,-90.9935
231.6,-47.1736,-90.9735
231.7,-47.2012,-90.9797
231.8,-47.2407,-90.9373
231.9,-47.291,-90.9123
232,-47.305,-90.8929
232.1,-47.3222,-90.8922
232.2,-47.3435,-90.9056
232.3,-47.3744,-90.9146
232.4,-47.3724,-90.9613
232.5,-47.4149,-90.985
232.6,-47.4184,-91.0402
232.7,-47.3722,-91.1005
232.8,-47.3481,-91.1664
232.9,-47.3637,-91.202
233,-47.4275,-91.2511
233.1,-47.446,-91.2788
233.2,-47.4878,-91.2623
233.3,-47.5052,-91.2849
233.4,-47.5701,-91.292
233.5,-47.6489,-91.1899
233.6,-47.6797,-91.1016
233.7,-47.6652,-91.053
233.8,-47.6331,-91.0308
233.9,-47.6342,-90.9996
234,-47.6494,-90.9834
234.1,-47.6153,-90.9747
234.2,-47.6201,-90.9972
234.3,-47.5785,-91.0381
234.4,-47.5237,-91.0362
234.5,-47.5659,-91.0648
234.6,-47.5932,-91.0574
234.7,-47.6303,-91.058
234.8,-47.6263,-91.0837
234.9,-47.6594,-91.0757
235,-47.6462,-91.0868
235.1,-47.6327,-91.1081
235.2,-47.5929,-91.1141
235.3,-47.5875,-91.1385
235.4,-47.5387,-91.1239
235.5,-47.5152,-91.0979
235.6,-47.4937,-91.1218
235.7,-47.4668,-91.1333
235.8,-47.3902,-91.1508
235.9,-47.3484,-91.1657
236,-47.2675,-91.1496
236.1,-47.2248,-91.1253
236.2,-47.1995,-91.1243
236.3,-47.1927,-91.1398
236.4,-47.1773,-91.1279
236.5,-47.1607,-91.1279
236.6,-47.1446,-91.1148
236.7,-47.1386,-91.1157
236.8,-47.0939,-91.0849
236.9,-47.0638,-91.0775
237,-47.0425,-91.0644
237.1,-47.0229,-91.0582
237.2,-46.9882,-91.0152
237.3,-46.9598,-90.97
237.4,-46.9441,-90.9538
237.5,-46.9466,-90.962
237.6,-46.9417,-90.9795
237.7,-46.9867,-90.9987
237.8,-47.0397,-91.0219
237.9,-47.0468,-91.0647
238,-47.0479,-91.1243
238.1,-47.0062,-91.1959
238.2,-47.0132,-91.2566
238.3,-47.0047,-91.2544
238.4,-47.0139,-91.2202
238.5,-47.0175,-91.2071
238.6,-47.0343,-91.2241
238.7,-47.0012,-91.2408
238.8,-47.0181,-91.2584
238.9,-47.0763,-91.2478
239,-47.1279,-91.2769
239.1,-47.1663,-91.3152
239.2,-47.1611,-91.3781
239.3,-47.1905,-91.4048
239.4,-47.2298,-91.448
239.5,-47.2883,-91.4452
239.6,-47.3016,-91.421
239.7,-47.3215,-91.4241
239.8,-47.354,-91.4301
239.9,-47.3919,-91.4377
240,-47.473,-91.4361
240.1,-47.5977,-91.415
240.2,-47.6811,-91.397
240.3,-47.741,-91.3348
240.4,-47.7603,-91.2435
240.5,-47.7486,-91.1603
240.6,-47.7372,-91.1106
240.7,-47.7253,-91.0877
240.8,-47.7142,-91.0889
240.9,-47.7082,-91.0621
241,-47.7023,-91.0618
241.1,-47.6995,-91.0777
241.2,-47.7139,-91.0888
241.3,-47.715,-91.1045
241.4,-47.7633,-91.1366
241.5,-47.7768,-91.2046
241.6,-47.7404,-91.2716
241.7,-47.6805,-91.3651
241.8,-47.6705,-91.4587
241.9,-47.7019,-91.5241
242,-47.7239,-91.5405
242.1,-47.7335,-91.575
242.2,-47.7803,-91.6063
242.3,-47.8737,-91.6216
242.4,-47.9404,-91.5946
242.5,-47.9906,-91.6041
242.6,-48.0126,-91.6414
242.7,-48.0603,-91.6163
242.8,-48.0846,-91.5529
242.9,-48.1169,-91.5231
243,-48.157,-91.5115
243.1,-48.2168,-91.505
243.2,-48.2799,-91.5483
243.3,-48.3266,-91.5809
243.4,-48.368,-91.6236
243.5,-48.3917,-91.635
243.6,-48.4004,-91.6445
243.7,-48.3674,-91.6096
243.8,-48.3218,-91.5032
243.9,-48.3033,-91.4216
244,-48.2981,-91.3745
244.1,-48.2992,-91.3594
244.2,-48.2925,-91.3553
244.3,-48.2813,-91.3684
244.4,-48.2761,-91.3882
244.5,-48.2554,-91.4066
244.6,-48.1815,-91.4177
244.7,-48.1438,-91.4633
244.8,-48.1162,-91.4828
244.9,-48.1085,-91.4763
245,-48.1066,-91.4862
245.1,-48.1064,-91.4797
245.2,-48.1201,-91.4773
245.3,-48.1685,-91.427
245.4,-48.2031,-91.4016
245.5,-48.2299,-91.3717
245.6,-48.2455,-91.3359
245.7,-48.2501,-91.2958
245.8,-48.2502,-91.2059
245.9,-48.2529,-91.153
246,-48.2386,-91.0863
246.1,-48.1996,-91.0278
246.2,-48.1616,-90.992
246.3,-48.1302,-90.9767
246.4,-48.1035,-90.9602
246.5,-48.0824,-90.9503
246.6,-48.0705,-90.9632
246.7,-48.0701,-90.9834
246.8,-48.0797,-90.9814
246.9,-48.0935,-90.9804
247,-48.1059,-90.9999
247.1,-48.0723,-91.0046
247.2,-48.0523,-91.0242
247.3,-48.0098,-91.0274
247.4,-48.013,-91.0348
247.5,-48.0063,-91.0447
247.6,-48.0023,-91.0462
247.7,-47.9778,-91.0515
247.8,-47.9648,-91.0675
247.9,-47.9032,-91.072
248,-47.8618,-91.0749
248.1,-47.8326,-91.09
248.2,-47.8205,-91.0984
248.3,-47.8037,-91.1143
248.4,-47.7982,-91.1356
248.5,-47.8265,-91.1938
248.6,-47.8593,-91.2021
248.7,-47.8772,-91.1874
248.8,-47.8962,-91.1971
248.9,-47.9078,-91.2005
249,-47.9092,-91.155
249.1,-47.915,-91.1439
249.2,-47.9216,-91.1518
249.3,-47.9108,-91.1761
249.4,-47.898,-91.1997
249.5,-47.8685,-91.2703
249.6,-47.8856,-91.3229
249.7,-47.8534,-91.3675
249.8,-47.8539,-91.424
249.9,-47.8747,-91.4834
250,-47.8638,-91.5447
250.1,-47.8986,-91.5942
250.2,-47.8961,-91.636
250.3,-47.9348,-91.666
250.4,-47.9234,-91.6956
250.5,-47.9597,-91.7174
250.6,-48.0026,-91.6897
250.7,-48.0469,-91.6576
250.8,-48.0757,-91.673
250.9,-48.0862,-91.7211
251,-48.0585,-91.801
251.1,-48.0729,-91.9078
251.2,-48.0242,-91.9247
251.3,-48.0139,-91.9349
251.4,-48.0325,-91.9044
251.5,-48.0434,-91.8845
251.6,-48.0527,-91.8999
251.7,-48.0491,-91.9176
251.8,-48.0657,-91.925
251.9,-48.0729,-91.907
252,-48.0644,-91.9364
252.1,-48.078,-91.935
252.2,-48.0045,-91.9164
252.3,-47.9505,-91.9153
252.4,-47.9027,-91.9246
252.5,-47.8069,-91.9481
252.6,-47.7055,-91.9219
252.7,-47.6317,-91.9127
252.8,-47.5706,-91.9181
252.9,-47.5229,-91.8834
253,-47.4706,-91.851
253.1,-47.4331,-91.841
253.2,-47.4053,-91.8484
253.3,-47.3824,-91.8668
253.4,-47.3355,-91.8554
253.5,-47.3017,-91.8659
253.6,-47.276,-91.8925
253.7,-47.2302,-91.9078
253.8,-47.1905,-91.9416
253.9,-47.1008,-91.973
254,-46.9967,-91.9687
254.1,-46.9289,-91.9988
254.2,-46.8758,-92.0315
254.3,-46.7955,-92.051
254.4,-46.7364,-92.035
254.5,-46.6957,-92.0413
254.6,-46.7013,-92.0285
254.7,-46.7547,-92.0013
254.8,-46.8048,-91.9615
254.9,-46.8457,-91.9294
255,-46.8817,-91.9238
255.1,-46.9146,-91.8762
255.2,-46.9472,-91.8619
255.3,-46.9717,-91.8708
255.4,-46.9985,-91.8823
255.5,-46.9996,-91.906
255.6,-46.9968,-91.9344
255.7,-46.9813,-91.9533
255.8,-46.9698,-91.9753
255.9,-47.0059,-92.0128
256,-47.0358,-92.0109
256.1,-47.0597,-92.0251
256.2,-47.1336,-92.0366
256.3,-47.1968,-92.0245
256.4,-47.2647,-91.9626
256.5,-47.3119,-91.9041
256.6,-47.3481,-91.8489
256.7,-47.3827,-91.8273
256.8,-47.4217,-91.8238
256.9,-47.4526,-91.8261
257,-47.4991,-91.8059
257.1,-47.5424,-91.8083
257.2,-47.5725,-91.817
257.3,-47.6238,-91.7921
257.4,-47.6928,-91.75
257.5,-47.7543,-91.7297
257.6,-47.8108,-91.7102
257.7,-47.858,-91.715
257.8,-47.8862,-91.766
257.9,-47.911,-91.8427
258,-47.9534,-91.8726
258.1,-47.9747,-91.9104
258.2,-47.975,-91.946
258.3,-47.938,-91.9952
258.4,-47.8991,-92.0105
258.5,-47.9017,-92.0537
258.6,-47.8836,-92.0939
258.7,-47.9145,-92.1243
258.8,-47.915,-92.115
258.9,-47.9031,-92.1173
259,-47.9002,-92.1283
259.1,-47.8702,-92.1614
259.2,-47.8319,-92.1451
259.3,-47.8242,-92.0892
259.4,-47.8248,-92.0668
259.5,-47.8494,-92.0578
259.6,-47.8737,-92.0629
259.7,-47.9232,-92.0408
259.8,-47.9678,-92.0344
259.9,-48.0612,-92.0172
260,-48.1391,-92.0072
260.1,-48.2588,-91.97
260.2,-48.3494,-91.9366
260.3,-48.4176,-91.9224
260.4,-48.4701,-91.9072
260.5,-48.5125,-91.9023
260.6,-48.5383,-91.901
260.7,-48.5591,-91.9138
260.8,-48.5725,-91.9414
260.9,-48.5806,-91.9664
261,-48.5939,-91.9629
261.1,-48.6091,-91.965
261.2,-48.6126,-91.9768
261.3,-48.5684,-91.9736
261.4,-48.5428,-91.9806
261.5,-48.5284,-92.0014
261.6,-48.4738,-92.052
261.7,-48.3891,-92.0625
261.8,-48.3089,-92.0366
261.9,-48.2515,-92.0344
262,-48.2103,-92.0397
262.1,-48.1775,-92.0542
262.2,-48.1103,-92.0325
262.3,-48.0606,-92.0106
262.4,-48.056,-92.0104
262.5,-48.0639,-92.0187
262.6,-48.0358,-91.9959
262.7,-48.0149,-91.9966
262.8,-48.0022,-92.0159
262.9,-47.9608,-91.9943
263,-47.9328,-91.9968
263.1,-47.9157,-92.017
263.2,-47.8735,-92.0279
263.3,-47.8496,-92.046
263.4,-47.8147,-92.0238
263.5,-47.7903,-92.0291
263.6,-47.7751,-92.0459
263.7,-47.7932,-92.0488
263.8,-47.8609,-92.0582
263.9,-47.8868,-92.04
264,-47.9116,-92.0457
264.1,-47.9338,-92.0644
264.2,-47.958,-92.1094
264.3,-47.9658,-92.1276
264.4,-47.9652,-92.157
264.5,-47.9149,-92.1917
264.6,-47.8734,-92.2152
264.7,-47.8538,-92.2272
264.8,-47.8404,-92.254
264.9,-47.8514,-92.2373
265,-47.8587,-92.2412
265.1,-47.858,-92.2445
265.2,-47.8589,-92.2429
265.3,-47.8222,-92.2284
265.4,-47.7898,-92.2039
265.5,-47.7592,-92.1897
265.6,-47.7772,-92.1871
265.7,-47.7897,-92.2031
265.8,-47.8087,-92.2158
265.9,-47.7925,-92.2118
266,-47.7917,-92.2277
266.1,-47.8002,-92.252
266.2,-47.7914,-92.2841
266.3,-47.733,-92.3104
266.4,-47.712,-92.3675
266.5,-47.6418,-92.4153
266.6,-47.5652,-92.4392
266.7,-47.5207,-92.5014
266.8,-47.4907,-92.524
266.9,-47.4491,-92.5478
267,-47.4414,-92.5783
267.1,-47.4695,-92.6427
267.2,-47.449,-92.7192
267.3,-47.3992,-92.7853
267.4,-47.3925,-92.8767
267.5,-47.337,-92.9575
267.6,-47.3072,-93.0595
267.7,-47.3011,-93.1394
267.8,-47.2014,-93.185
267.9,-47.0631,-93.172
268,-46.9776,-93.1525
268.1,-46.9443,-93.1577
268.2,-46.9476,-93.1968
268.3,-46.9833,-93.1805
268.4,-47.0026,-93.2113
268.5,-47.0686,-93.2599
268.6,-47.0912,-93.3332
268.7,-47.1,-93.4538
268.8,-47.1274,-93.5556
268.9,-47.1703,-93.6635
269,-47.1182,-93.7997
269.1,-47.0285,-93.9028
269.2,-46.9104,-94.0387
269.3,-46.7957,-94.0885
269.4,-46.7182,-93.9737
269.5,-46.7263,-93.8583
269.6,-46.7836,-93.7916
269.7,-46.8259,-93.74
269.8,-46.8552,-93.6513
269.9,-46.8575,-93.552
270,-46.8527,-93.4655
270.1,-46.8479,-93.4443
270.2,-46.795,-93.4202
270.3,-46.7668,-93.413
270.4,-46.7554,-93.4248
270.5,-46.7241,-93.4209
270.6,-46.7381,-93.4384
270.7,-46.7347,-93.409
270.8,-46.7433,-93.4173
270.9,-46.7389,-93.4739
271,-46.7632,-93.5594
271.1,-46.7862,-93.5962
271.2,-46.7737,-93.6107
271.3,-46.7601,-93.515
271.4,-46.7171,-93.4158
271.5,-46.6807,-93.365
271.6,-46.6577,-93.3467
271.7,-46.6569,-93.3471
271.8,-46.6558,-93.3544
271.9,-46.637,-93.3149
272,-46.6235,-93.306
272.1,-46.6421,-93.3123
272.2,-46.6409,-93.3021
272.3,-46.6354,-93.3149
272.4,-46.639,-93.3087
272.5,-46.6153,-93.3336
272.6,-46.6359,-93.3354
272.7,-46.624,-93.3517
272.8,-46.5899,-93.3595
272.9,-46.5716,-93.3691
273,-46.5677,-93.383
273.1,-46.5518,-93.4084
273.2,-46.5427,-93.3844
273.3,-46.5406,-93.385
273.4,-46.5174,-93.4207
273.5,-46.5439,-93.4504
273.6,-46.564,-93.4305
273.7,-46.5719,-93.4383
273.8,-46.573,-93.4392
273.9,-46.6226,-93.4279
274,-46.6284,-93.3924
274.1,-46.634,-93.3856
274.2,-46.6323,-93.4115
274.3,-46.6108,-93.4569
274.4,-46.5695,-93.51
274.5,-46.5246,-93.5787
274.6,-46.5216,-93.6199
274.7,-46.5347,-93.6573
274.8,-46.5482,-93.6998
274.9,-46.5324,-93.7017
275,-46.5448,-93.7283
275.1,-46.5681,-93.706
275.2,-46.5807,-93.7326
275.3,-46.6161,-93.7402
275.4,-46.6524,-93.7799
275.5,-46.658,-93.8027
275.6,-46.7068,-93.8279
275.7,-46.7181,-93.8413
275.8,-46.7286,-93.8032
275.9,-46.7106,-93.7785
276,-46.7402,-93.7707
276.1,-46.7594,-93.7297
276.2,-46.7692,-93.7184
276.3,-46.7821,-93.7261
276.4,-46.8036,-93.728
276.5,-46.8097,-93.7441
276.6,-46.8047,-93.8084
276.7,-46.8675,-93.8811
276.8,-46.9714,-93.9253
276.9,-47.0435,-94.008
277,-47.0708,-94.1129
277.1,-47.1339,-94.2427
277.2,-47.2034,-94.3959
277.3,-47.2232,-94.5715
277.4,-47.1946,-94.7345
277.5,-47.1504,-94.8262
277.6,-47.145,-94.871
277.7,-47.1727,-94.8829
277.8,-47.1575,-94.9031
277.9,-47.1912,-94.8578
278,-47.2666,-94.8395
278.1,-47.2897,-94.8582
278.2,-47.2676,-94.8814
278.3,-47.2653,-94.8821
278.4,-47.2543,-94.9146
278.5,-47.2504,-94.9967
278.6,-47.1956,-95.0822
278.7,-47.1644,-94.9759
278.8,-47.1373,-94.8618
278.9,-47.0317,-94.8116
279,-46.9737,-94.7462
279.1,-46.9298,-94.7167
279.2,-46.9053,-94.6273
279.3,-46.9188,-94.5296
279.4,-46.9283,-94.4724
279.5,-46.9319,-94.4542
279.6,-46.9482,-94.4668
279.7,-46.9739,-94.3993
279.8,-47.0118,-94.3804
279.9,-47.0462,-94.4327
280,-47.105,-94.4414
280.1,-47.1207,-94.4589
280.2,-47.0988,-94.4323
280.3,-47.0583,-94.4186
280.4,-47.0462,-94.4401
280.5,-47.038,-94.4595
280.6,-47.0338,-94.4216
280.7,-47.0878,-94.3158
280.8,-47.109,-94.2604
280.9,-47.0714,-94.3087
281,-47.0256,-94.381
281.1,-47.0205,-94.4149
281.2,-46.9734,-94.4094
281.3,-46.9563,-94.3639
281.4,-46.9165,-94.3673
281.5,-46.9014,-94.4141
281.6,-46.8967,-94.4439
281.7,-46.9421,-94.4736
281.8,-46.951,-94.4957
281.9,-46.9504,-94.4793
282,-46.9282,-94.503
282.1,-46.8469,-94.5241
282.2,-46.8147,-94.6002
282.3,-46.839,-94.6528
282.4,-46.8179,-94.6843
282.5,-46.8454,-94.6834
282.6,-46.8763,-94.6506
282.7,-46.8631,-94.6412
282.8,-46.8171,-94.6278
282.9,-46.7852,-94.6296
283,-46.7178,-94.6522
283.1,-46.6387,-94.6263
283.2,-46.5791,-94.5866
283.3,-46.5599,-94.5763
283.4,-46.5668,-94.5902
283.5,-46.5403,-94.6187
283.6,-46.527,-94.599
283.7,-46.5495,-94.5705
283.8,-46.5649,-94.5429
283.9,-46.5501,-94.5551
284,-46.5458,-94.6154
284.1,-46.4503,-94.6619
284.2,-46.3684,-94.7376
284.3,-46.3845,-94.8256
284.4,-46.4001,-94.8619
284.5,-46.3891,-94.8671
284.6,-46.3912,-94.9205
284.7,-46.3703,-94.9248
284.8,-46.3622,-94.945
284.9,-46.3318,-94.9366
285,-46.3353,-94.8915
285.1,-46.3259,-94.8946
285.2,-46.3549,-94.9208
285.3,-46.3602,-94.9159
285.4,-46.3738,-94.9341
285.5,-46.4085,-94.9387
285.6,-46.454,-94.8946
285.7,-46.4772,-94.8952
285.8,-46.534,-94.9288
285.9,-46.565,-95.0053
286,-46.5543,-95.0713
286.1,-46.608,-95.0983
286.2,-46.5746,-95.1068
286.3,-46.5748,-95.0986
286.4,-46.6179,-95.1399
286.5,-46.6759,-95.15
286.6,-46.6855,-95.2104
286.7,-46.6927,-95.1315
286.8,-46.7397,-95.1221
286.9,-46.7917,-95.0941
287,-46.7971,-95.1439
287.1,-46.7343,-95.2248
287.2,-46.7019,-95.3287
287.3,-46.7001,-95.421
287.4,-46.6924,-95.4205
287.5,-46.6714,-95.404
287.6,-46.6423,-95.3664
287.7,-46.6233,-95.3854
287.8,-46.6723,-95.4406
287.9,-46.7706,-95.4876
288,-46.8379,-95.5737
288.1,-46.8819,-95.5598
288.2,-46.8678,-95.5002
288.3,-46.7733,-95.4276
288.4,-46.7212,-95.3285
288.5,-46.6507,-95.3059
288.6,-46.6046,-95.3235
288.7,-46.5531,-95.3763
288.8,-46.482,-95.3231
288.9,-46.4506,-95.2949
289,-46.4583,-95.3217
289.1,-46.4181,-95.3612
289.2,-46.3969,-95.3432
289.3,-46.3572,-95.3242
289.4,-46.3604,-95.2863
289.5,-46.3602,-95.2734
289.6,-46.3477,-95.3389
289.7,-46.3866,-95.3666
289.8,-46.3975,-95.3604
289.9,-46.3633,-95.4145
290,-46.3088,-95.4225
290.1,-46.2893,-95.4633
290.2,-46.306,-95.5312
290.3,-46.3586,-95.552
290.4,-46.4417,-95.5954
290.5,-46.5105,-95.5261
290.6,-46.4598,-95.4933
290.7,-46.4223,-95.5168
290.8,-46.4401,-95.5019
290.9,-46.468,-95.477
291,-46.4766,-95.4747
291.1,-46.3858,-95.4159
291.2,-46.2993,-95.4238
291.3,-46.2499,-95.4327
291.4,-46.185,-95.4923
291.5,-46.1665,-95.5336
291.6,-46.1657,-95.5282
291.7,-46.1794,-95.5685
291.8,-46.1774,-95.5889
291.9,-46.1789,-95.583
292,-46.1847,-95.6075
292.1,-46.125,-95.629
292.2,-46.1096,-95.6124
292.3,-46.1127,-95.5417
292.4,-46.0554,-95.5127
292.5,-46.0427,-95.5066
292.6,-46.0322,-95.5062
292.7,-46.0299,-95.4772
292.8,-46.0135,-95.4139
292.9,-46.0334,-95.3748
293,-46.0569,-95.3771
293.1,-46.0896,-95.3939
293.2,-46.1024,-95.4201
293.3,-46.1312,-95.4219
293.4,-46.1733,-95.472
293.5,-46.2464,-95.5144
293.6,-46.3407,-95.5115
293.7,-46.4226,-95.5484
293.8,-46.4555,-95.5646
293.9,-46.4611,-95.6037
294,-46.5159,-95.6467
294.1,-46.615,-95.6527
294.2,-46.707,-95.6105
294.3,-46.7112,-95.6651
294.4,-46.6952,-95.7527
294.5,-46.6376,-95.8127
294.6,-46.6224,-95.8351
294.7,-46.5974,-95.8647
294.8,-46.5876,-95.8182
294.9,-46.6027,-95.815
295,-46.584,-95.8487
295.1,-46.5309,-95.8461
295.2,-46.5058,-95.8197
295.3,-46.5283,-95.7973
295.4,-46.4819,-95.7707
295.5,-46.4547,-95.7326
295.6,-46.5043,-95.7196
295.7,-46.5902,-95.74
295.8,-46.634,-95.7874
295.9,-46.649,-95.8837
296,-46.7094,-95.9399
296.1,-46.7857,-95.9501
296.2,-46.7455,-95.9487
296.3,-46.774,-95.9387
296.4,-46.7929,-95.9642
296.5,-46.764,-96.0046
296.6,-46.6952,-96.0148
296.7,-46.67,-96.0715
296.8,-46.6153,-96.1191
296.9,-46.6325,-96.1639
297,-46.6276,-96.2344
297.1,-46.5989,-96.2812
297.2,-46.509,-96.308
297.3,-46.4473,-96.3181
297.4,-46.4348,-96.2471
297.5,-46.3995,-96.2241
297.6,-46.4124,-96.1842
297.7,-46.4698,-96.2447
297.8,-46.5623,-96.2458
297.9,-46.6971,-96.2484
298,-46.761,-96.2589
298.1,-46.7701,-96.3239
298.2,-46.7428,-96.4232
298.3,-46.679,-96.4913
298.4,-46.6296,-96.4699
298.5,-46.5911,-96.4852
298.6,-46.5939,-96.4939
298.7,-46.5065,-96.4902
298.8,-46.4251,-96.5893
298.9,-46.3278,-96.6438
299,-46.2533,-96.6891
299.1,-46.2502,-96.8217
299.2,-46.2028,-96.9502
299.3,-46.2547,-97.1013
299.4,-46.2485,-97.1579
299.5,-46.24,-97.2176
299.6,-46.191,-97.3157
299.7,-46.1782,-97.4295
299.8,-46.1151,-97.4769
299.9,-46.1225,-97.4703
300,-46.1797,-97.5394
300.1,-46.2743,-97.6051
300.2,-46.3702,-97.6149
300.3,-46.4667,-97.6747
300.4,-46.5783,-97.7005
300.5,-46.583,-97.6449
300.6,-46.5597,-97.6273
300.7,-46.5815,-97.5701
300.8,-46.7321,-97.4582
300.9,-46.8457,-97.3128
301,-46.9144,-97.2622
301.1,-46.875,-97.2521
301.2,-46.8967,-97.2604
301.3,-46.9395,-97.2976
301.4,-47.0074,-97.3014
301.5,-47.1182,-97.3168
301.6,-47.1348,-97.2822
301.7,-47.1661,-97.3218
301.8,-47.23,-97.3741
301.9,-47.2354,-97.3758
302,-47.1651,-97.3042
302.1,-47.2047,-97.1222
302.2,-47.1252,-96.9346
302.3,-47.1194,-96.7893
302.4,-47.2158,-96.7207
302.5,-47.2648,-96.668
302.6,-47.2765,-96.6487
302.7,-47.2907,-96.5859
302.8,-47.2264,-96.5862
302.9,-47.151,-96.6573
303,-47.0979,-96.7828
303.1,-47.0229,-96.924
303.2,-47.0367,-97.0646
303.3,-46.9776,-97.1069
303.4,-46.9159,-97.0793
303.5,-46.9103,-97.0721
303.6,-46.8784,-97.1035
303.7,-46.8769,-97.1068
303.8,-46.8378,-97.1493
303.9,-46.8824,-97.128
304,-47.0006,-96.9959
304.1,-47.0697,-96.9066
304.2,-47.0634,-96.901
304.3,-47.087,-96.8694
304.4,-47.1105,-96.8878
304.5,-47.1314,-96.8937
304.6,-47.1435,-96.8534
304.7,-47.0992,-96.7833
304.8,-47.1379,-96.7037
304.9,-47.1816,-96.6186
305,-47.1898,-96.541
305.1,-47.2354,-96.51
305.2,-47.2358,-96.5262
305.3,-47.1759,-96.523
305.4,-47.1524,-96.5437
305.5,-47.0992,-96.5184
305.6,-47.0244,-96.5347
305.7,-47.0426,-96.5314
305.8,-47.0482,-96.5764
305.9,-47.0305,-96.5658
306,-46.9714,-96.5643
306.1,-46.9372,-96.5148
306.2,-46.8923,-96.5142
306.3,-46.8607,-96.5014
306.4,-46.8736,-96.4659
306.5,-46.9252,-96.4347
306.6,-46.9483,-96.4519
306.7,-46.8966,-96.4387
306.8,-46.8587,-96.4503
306.9,-46.8729,-96.5078
307,-46.9624,-96.569
307.1,-47.0289,-96.6746
307.2,-47.0599,-96.7718
307.3,-47.1117,-96.8483
307.4,-47.1591,-96.8843
307.5,-47.1123,-96.9639
307.6,-47.1053,-96.9873
307.7,-47.0985,-96.9346
307.8,-47.1058,-96.9108
307.9,-47.1311,-96.9373
308,-47.1155,-96.9596
308.1,-47.0917,-97.0312
308.2,-47.0442,-97.0516
308.3,-46.9294,-97.0727
308.4,-46.8328,-97.022
308.5,-46.851,-96.9483
308.6,-46.8046,-96.9738
308.7,-46.7819,-97.0434
308.8,-46.789,-97.0891
308.9,-46.7554,-97.0053
309,-46.7695,-96.931
309.1,-46.8118,-96.8978
309.2,-46.8159,-96.8573
309.3,-46.7749,-96.8699
309.4,-46.7332,-96.9132
309.5,-46.6796,-96.8978
309.6,-46.6843,-96.8883
309.7,-46.7207,-96.9883
309.8,-46.6857,-97.0875
309.9,-46.6181,-97.1246
310,-46.6436,-97.1063
310.1,-46.7082,-96.9951
310.2,-46.7617,-96.9514
310.3,-46.8431,-96.9128
310.4,-46.9372,-96.9271
310.5,-46.9926,-97.0354
310.6,-47.0331,-97.0519
310.7,-47.0544,-97.1121
310.8,-47.104,-97.1437
310.9,-47.1039,-97.1767
311,-47.0816,-97.2194
311.1,-47.0801,-97.2167
311.2,-47.0829,-97.1289
311.3,-47.0181,-97.0303
311.4,-46.9832,-96.9579
311.5,-47.0332,-96.8897
311.6,-47.0135,-96.7386
311.7,-46.9476,-96.5684
311.8,-46.8712,-96.447
311.9,-46.8871,-96.3851
312,-46.9271,-96.3761
312.1,-46.9289,-96.3598
312.2,-46.9448,-96.3708
312.3,-46.9848,-96.3379
312.4,-46.9862,-96.3094
312.5,-46.9624,-96.3242
312.6,-46.973,-96.2966
312.7,-47.0038,-96.2601
312.8,-47.008,-96.2459
312.9,-46.9765,-96.2105
313,-46.984,-96.2064
313.1,-46.9552,-96.2366
313.2,-46.9579,-96.3057
313.3,-46.9967,-96.3404
313.4,-46.9936,-96.3917
313.5,-47.027,-96.409
313.6,-47.059,-96.4764
313.7,-47.0687,-96.5885
313.8,-47.0392,-96.7477
313.9,-47.0007,-96.8768
314,-46.9965,-96.9671
314.1,-47.0175,-97.0267
314.2,-47.1223,-97.0113
314.3,-47.1368,-96.8893
314.4,-47.162,-96.7797
314.5,-47.272,-96.7092
314.6,-47.3402,-96.6111
314.7,-47.3435,-96.5041
314.8,-47.2817,-96.415
314.9,-47.2817,-96.3024
315,-47.3057,-96.2642
315.1,-47.3534,-96.305
315.2,-47.4171,-96.3568
315.3,-47.5507,-96.3632
315.4,-47.6366,-96.3922
315.5,-47.632,-96.3643
315.6,-47.6822,-96.3977
315.7,-47.6698,-96.4282
315.8,-47.6919,-96.4225
315.9,-47.7184,-96.4175
316,-47.7247,-96.4296
316.1,-47.7794,-96.4449
316.2,-47.7952,-96.3266
316.3,-47.8275,-96.1912
316.4,-47.9238,-96.0992
316.5,-47.9956,-96.0159
316.6,-48.0167,-95.96
316.7,-48.0873,-95.8974
316.8,-48.1209,-95.8666
316.9,-48.1357,-95.807
317,-48.1553,-95.7386
317.1,-48.1347,-95.6851
317.2,-48.1315,-95.5847
317.3,-48.1732,-95.5031
317.4,-48.1919,-95.44
317.5,-48.2351,-95.4019
317.6,-48.292,-95.3756
317.7,-48.3128,-95.373
317.8,-48.2844,-95.3786
317.9,-48.2334,-95.3727
318,-48.2218,-95.3879
318.1,-48.2259,-95.3784
318.2,-48.2194,-95.2941
318.3,-48.243,-95.2396
318.4,-48.2312,-95.2187
318.5,-48.2466,-95.1828
318.6,-48.2562,-95.1807
318.7,-48.2645,-95.1865
318.8,-48.3212,-95.2052
318.9,-48.382,-95.1741
319,-48.4415,-95.1676
319.1,-48.4505,-95.1908
319.2,-48.4141,-95.1932
319.3,-48.4113,-95.2173
319.4,-48.4661,-95.2045
319.5,-48.4817,-95.1872
319.6,-48.4673,-95.1851
319.7,-48.4718,-95.2129
319.8,-48.4861,-95.2898
319.9,-48.4637,-95.3327
320,-48.4585,-95.4097
320.1,-48.5041,-95.4761
320.2,-48.5536,-95.554
320.3,-48.5533,-95.6278
320.4,-48.5791,-95.6938
320.5,-48.5575,-95.7425
320.6,-48.5431,-95.7567
320.7,-48.5095,-95.8197
320.8,-48.4908,-95.8972
320.9,-48.4553,-95.9461
321,-48.3933,-95.9441
321.1,-48.3595,-95.9432
321.2,-48.3343,-95.9601
321.3,-48.3276,-95.9937
321.4,-48.2776,-96.0025
321.5,-48.2449,-96.0351
321.6,-48.1642,-96.0618
321.7,-48.0775,-96.0906
321.8,-48.0177,-96.073
321.9,-47.9961,-96.0282
322,-48.0345,-96.0022
322.1,-48.0722,-96.0041
322.2,-48.1285,-96.0166
322.3,-48.1191,-96.0487
322.4,-48.0686,-96.0559
322.5,-47.9261,-95.9883
322.6,-47.8616,-95.9187
322.7,-47.8604,-95.8781
322.8,-47.8728,-95.8317
322.9,-47.8941,-95.8235
323,-47.8714,-95.7913
323.1,-47.8937,-95.781
323.2,-47.9015,-95.7858
323.3,-47.8757,-95.8276
323.4,-47.8998,-95.8658
323.5,-47.9035,-95.9244
323.6,-47.9062,-95.9779
323.7,-47.8433,-96.0356
323.8,-47.8189,-96.1152
323.9,-47.9125,-96.1399
324,-48.0202,-96.1317
324.1,-48.0405,-96.1888
324.2,-48.0939,-96.2691
324.3,-48.1062,-96.3779
324.4,-48.1362,-96.3561
324.5,-48.0993,-96.2995
324.6,-48.0446,-96.2759
324.7,-48.0321,-96.1935
324.8,-48.1448,-96.1053
324.9,-48.2182,-96.0563
325,-48.2255,-96.0738
325.1,-48.2625,-96.0733
325.2,-48.2986,-96.1228
325.3,-48.3927,-96.1638
325.4,-48.5257,-96.1272
325.5,-48.5652,-96.0057
325.6,-48.6411,-95.8889
325.7,-48.6796,-95.7641
325.8,-48.7593,-95.7001
325.9,-48.7984,-95.6007
326,-48.8002,-95.5256
326.1,-48.8326,-95.4707
326.2,-48.8621,-95.4225
326.3,-48.8441,-95.3702
326.4,-48.8345,-95.3371
326.5,-48.8651,-95.3268
326.6,-48.911,-95.3071
326.7,-48.9566,-95.294
326.8,-49.034,-95.2501
326.9,-49.0854,-95.2079
327,-49.1222,-95.1917
327.1,-49.155,-95.1922
327.2,-49.1752,-95.1923
327.3,-49.2282,-95.184
327.4,-49.26,-95.158
327.5,-49.274,-95.1279
327.6,-49.2852,-95.115
327.7,-49.2854,-95.111
327.8,-49.2774,-95.1149
327.9,-49.2729,-95.0926
328,-49.2485,-95.0844
328.1,-49.2321,-95.0881
328.2,-49.1958,-95.062
328.3,-49.1694,-95.0648
328.4,-49.1454,-95.0783
328.5,-49.1436,-95.0973
328.6,-49.1205,-95.122
328.7,-49.0488,-95.1588
328.8,-48.9892,-95.1901
328.9,-48.9538,-95.2171
329,-48.8709,-95.2597
329.1,-48.7963,-95.2686
329.2,-48.7471,-95.3205
329.3,-48.7282,-95.3356
329.4,-48.6685,-95.3218
329.5,-48.6328,-95.3231
329.6,-48.6108,-95.338
329.7,-48.5957,-95.3566
329.8,-48.5421,-95.407
329.9,-48.5077,-95.4587
330,-48.4232,-95.5124
330.1,-48.3132,-95.5771
330.2,-48.2028,-95.6199
330.3,-48.109,-95.6763
330.4,-48.009,-95.6896
330.5,-47.9051,-95.6531
330.6,-47.8124,-95.6653
330.7,-47.7772,-95.6854
330.8,-47.7662,-95.7162
330.9,-47.7921,-95.7293
331,-47.7686,-95.7441
331.1,-47.788,-95.7252
331.2,-47.7971,-95.7303
331.3,-47.8068,-95.7381
331.4,-47.8209,-95.7751
331.5,-47.8119,-95.8437
331.6,-47.8284,-95.8968
331.7,-47.8809,-95.9846
331.8,-47.9594,-96.0297
331.9,-47.9899,-96.0604
332,-48.0481,-96.0494
332.1,-48.0846,-96.0835
332.2,-48.1406,-96.0715
332.3,-48.1622,-96.0957
332.4,-48.1902,-96.1239
332.5,-48.1943,-96.1871
332.6,-48.2397,-96.2785
332.7,-48.2359,-96.3612
332.8,-48.2617,-96.4441
332.9,-48.2288,-96.4596
333,-48.1473,-96.3879
333.1,-48.0599,-96.3659
333.2,-48.0196,-96.361
333.3,-48.0062,-96.3686
333.4,-48.0032,-96.3826
333.5,-48.0036,-96.3948
333.6,-47.9612,-96.4328
333.7,-47.9151,-96.4933
333.8,-47.911,-96.5267
333.9,-47.9061,-96.6101
334,-47.8552,-96.674
334.1,-47.821,-96.6907
334.2,-47.822,-96.719
334.3,-47.8033,-96.7418
334.4,-47.7582,-96.722
334.5,-47.7712,-96.7379
334.6,-47.8471,-96.7066
334.7,-47.9166,-96.6255
334.8,-47.8945,-96.5104
334.9,-47.8785,-96.4255
335,-47.8788,-96.3695
335.1,-47.8757,-96.3429
335.2,-47.9136,-96.345
335.3,-47.9597,-96.3859
335.4,-47.9978,-96.3775
335.5,-48.006,-96.4091
335.6,-48.0198,-96.469
335.7,-47.9688,-96.5361
335.8,-47.9583,-96.6285
335.9,-47.9969,-96.7115
336,-48.0222,-96.7897
336.1,-48.0208,-96.8817
336.2,-48.028,-96.9265
336.3,-48.0376,-97.0213
336.4,-48.0284,-97.0697
336.5,-47.9878,-97.1147
336.6,-47.9422,-97.1099
336.7,-47.9078,-97.1643
336.8,-47.9022,-97.2187
336.9,-47.964,-97.2287
337,-48.0806,-97.2068
337.1,-48.2167,-97.2105
337.2,-48.3297,-97.1882
337.3,-48.4344,-97.1819
337.4,-48.5019,-97.1939
337.5,-48.5804,-97.1147
337.6,-48.6199,-97.0043
337.7,-48.6635,-96.9438
337.8,-48.6868,-96.902
337.9,-48.7229,-96.8974
338,-48.7216,-96.8922
338.1,-48.7393,-96.917
338.2,-48.7704,-96.8936
338.3,-48.7629,-96.902
338.4,-48.7781,-96.8659
338.5,-48.774,-96.8614
338.6,-48.7454,-96.9004
338.7,-48.6475,-96.9176
338.8,-48.5564,-96.976
338.9,-48.4758,-96.9533
339,-48.432,-96.9676
339.1,-48.4455,-97.0033
339.2,-48.348,-96.995
339.3,-48.266,-97.0256
339.4,-48.1539,-97.0462
339.5,-48.0441,-97.0471
339.6,-47.9533,-96.9738
339.7,-47.851,-96.9493
339.8,-47.7199,-96.9655
339.9,-47.6203,-97.0306
340,-47.5527,-97.1469
340.1,-47.4794,-97.1584
340.2,-47.4303,-97.1155
340.3,-47.3708,-97.1216
340.4,-47.3364,-97.0758
340.5,-47.2713,-97.1074
340.6,-47.2802,-97.1166
340.7,-47.2552,-97.1442
340.8,-47.2232,-97.1306
340.9,-47.1581,-97.1349
341,-47.1352,-97.1273
341.1,-47.0952,-97.1241
341.2,-47.0865,-97.1443
341.3,-47.1261,-97.1775
341.4,-47.2115,-97.1907
341.5,-47.277,-97.158
341.6,-47.3392,-97.1752
341.7,-47.4261,-97.1429
341.8,-47.455,-97.0902
341.9,-47.4832,-97.0621
342,-47.4697,-97.0065
342.1,-47.5013,-96.9727
342.2,-47.4908,-96.9378
342.3,-47.4934,-96.9271
342.4,-47.5002,-96.9349
342.5,-47.474,-96.9691
342.6,-47.4015,-96.9847
342.7,-47.354,-96.9939
342.8,-47.3021,-97.0097
342.9,-47.2618,-97.0177
343,-47.2177,-97.0424
343.1,-47.1906,-97.0731
343.2,-47.1558,-97.0051
343.3,-47.0918,-96.9777
343.4,-47.0483,-97.0076
343.5,-47.0132,-97.0436
343.6,-46.9992,-97.069
343.7,-46.9893,-97.0999
343.8,-46.9774,-97.1338
343.9,-46.9805,-97.1581
344,-47.0031,-97.1385
344.1,-46.9799,-97.1049
344.2,-46.9578,-97.1178
344.3,-46.9593,-97.1239
344.4,-46.9447,-97.1378
344.5,-46.9355,-97.1869
344.6,-46.9163,-97.2262
344.7,-46.9167,-97.2195
344.8,-46.9141,-97.2551
344.9,-46.9315,-97.2673
345,-46.9554,-97.2877
345.1,-46.9641,-97.3361
345.2,-46.9311,-97.3567
345.3,-46.9395,-97.3491
345.4,-46.9312,-97.3887
345.5,-46.9296,-97.394
345.6,-46.9362,-97.3805
345.7,-46.9456,-97.401
345.8,-46.9077,-97.4378
345.9,-46.9196,-97.4696
346,-46.9004,-97.515
346.1,-46.9309,-97.5547
346.2,-46.9141,-97.5908
346.3,-46.9108,-97.6271
346.4,-46.899,-97.6861
346.5,-46.8825,-97.7555
346.6,-46.8677,-97.8238
346.7,-46.859,-97.8684
346.8,-46.8259,-97.9313
346.9,-46.8037,-97.9429
347,-46.7495,-97.9295
347.1,-46.7064,-97.9043
347.2,-46.6796,-97.8925
347.3,-46.6745,-97.8892
347.4,-46.6782,-97.8881
347.5,-46.6726,-97.93
347.6,-46.6988,-97.9776
347.7,-46.7044,-98.0085
347.8,-46.7125,-97.9757
347.9,-46.7684,-97.9515
348,-46.8289,-97.9946
348.1,-46.8666,-97.925
348.2,-46.9446,-97.8776
348.3,-47.0237,-97.792
348.4,-47.0908,-97.728
348.5,-47.0953,-97.6548
348.6,-47.1161,-97.6243
348.7,-47.108,-97.5688
348.8,-47.1119,-97.5563
348.9,-47.1229,-97.5626
349,-47.1139,-97.5548
349.1,-47.1232,-97.5638
349.2,-47.0944,-97.6051
349.3,-47.1039,-97.6471
349.4,-47.0934,-97.7348
349.5,-47.1051,-97.7778
349.6,-47.0488,-97.7885
349.7,-47.0267,-97.7574
349.8,-47.0387,-97.7149
349.9,-47.0068,-97.7238
350,-46.9561,-97.7991
350.1,-46.9568,-97.8846
350.2,-46.9791,-97.9711
350.3,-46.9558,-98.0714
350.4,-47.018,-98.1405
350.5,-47.1247,-98.2309
350.6,-47.2036,-98.3285
350.7,-47.2597,-98.408
350.8,-47.283,-98.4498
350.9,-47.3353,-98.4267
351,-47.3619,-98.3111
351.1,-47.3194,-98.213
351.2,-47.3024,-98.1284
351.3,-47.3327,-98.1098
351.4,-47.3735,-98.1525
351.5,-47.4078,-98.1455
351.6,-47.4549,-98.1869
351.7,-47.5055,-98.2197
351.8,-47.5303,-98.2915
351.9,-47.5117,-98.2786
352,-47.5181,-98.2469
352.1,-47.5525,-98.207
352.2,-47.5471,-98.1973
352.3,-47.5606,-98.2339
352.4,-47.5833,-98.224
352.5,-47.5897,-98.1715
352.6,-47.5689,-98.1352
352.7,-47.5638,-98.1225
352.8,-47.5376,-98.1222
352.9,-47.5445,-98.0844
353,-47.5098,-98.0743
353.1,-47.5137,-98.0961
353.2,-47.5632,-98.1384
353.3,-47.5809,-98.2239
353.4,-47.6302,-98.2843
353.5,-47.7403,-98.3478
353.6,-47.8012,-98.3765
353.7,-47.8261,-98.3685
353.8,-47.7923,-98.3931
353.9,-47.7955,-98.4196
354,-47.7802,-98.446
354.1,-47.7911,-98.4945
354.2,-47.7989,-98.4932
354.3,-47.79,-98.517
354.4,-47.8057,-98.5002
354.5,-47.7887,-98.5152
354.6,-47.8348,-98.5218
354.7,-47.8454,-98.5022
354.8,-47.9059,-98.5565
354.9,-48.0236,-98.5923
355,-48.128,-98.6763
355.1,-48.2486,-98.713
355.2,-48.3409,-98.7246
355.3,-48.4024,-98.6753
355.4,-48.413,-98.6956
355.5,-48.406,-98.7631
355.6,-48.4682,-98.834
355.7,-48.4519,-98.8789
355.8,-48.4191,-98.9024
355.9,-48.4698,-98.8907
356,-48.5364,-98.9264
356.1,-48.6397,-99.004
356.2,-48.6939,-99.0991
356.3,-48.8083,-99.2007
356.4,-48.8036,-99.2116
356.5,-48.7216,-99.177
356.6,-48.6381,-99.1465
356.7,-48.5573,-99.1575
356.8,-48.5,-99.187
356.9,-48.4762,-99.138
357,-48.4209,-99.0898
357.1,-48.3379,-99.0866
357.2,-48.3081,-99.0982
357.3,-48.3395,-99.2028
357.4,-48.3292,-99.3258
357.5,-48.2992,-99.4807
357.6,-48.261,-99.6086
357.7,-48.1314,-99.6522
357.8,-47.9511,-99.6203
357.9,-47.8607,-99.5834
358,-47.8897,-99.5532
358.1,-47.9784,-99.5063
358.2,-48.0687,-99.4095
358.3,-48.1129,-99.3171
358.4,-48.1233,-99.2394
358.5,-48.1658,-99.1938
358.6,-48.2162,-99.1208
358.7,-48.3567,-99.1253
358.8,-48.37,-99.0859
358.9,-48.2426,-99.1418
359,-48.1308,-99.1924
359.1,-48.1568,-99.2956
359.2,-48.2269,-99.465
359.3,-48.3303,-99.5803
359.4,-48.4857,-99.7097
359.5,-48.6124,-99.7671
359.6,-48.6512,-99.8882
359.7,-48.7913,-99.9838
359.8,-48.9845,-100.038
359.9,-49.0915,-100.152
360,-49.1956,-100.113
360.1,-49.2335,-100.008
360.2,-49.125,-99.9831
360.3,-49.067,-99.9493
360.4,-49.0572,-99.9836
360.5,-49.0729,-99.9407
360.6,-49.0667,-99.8727
360.7,-49.0725,-99.7666
360.8,-49.0168,-99.6264
360.9,-48.9956,-99.5379
361,-48.9414,-99.5126
361.1,-48.9916,-99.4178
361.2,-49.1838,-99.3705
361.3,-49.3572,-99.3694
361.4,-49.4922,-99.4042
361.5,-49.534,-99.4504
361.6,-49.5575,-99.4585
361.7,-49.631,-99.4655
361.8,-49.6546,-99.4705
361.9,-49.7242,-99.496
362,-49.8245,-99.4821
362.1,-49.8944,-99.6
362.2,-49.9868,-99.7379
362.3,-50.1075,-99.7533
362.4,-50.1837,-99.7556
362.5,-50.1803,-99.8197
362.6,-50.1149,-99.91
362.7,-50.0518,-99.9354
362.8,-50.0657,-99.9719
362.9,-50.1891,-100.003
363,-50.2821,-100.086
363.1,-50.2887,-100.154
363.2,-50.2266,-100.256
363.3,-50.3205,-100.371
363.4,-50.3338,-100.465
363.5,-50.3269,-100.493
363.6,-50.3124,-100.52
363.7,-50.2781,-100.582
363.8,-50.2426,-100.629
363.9,-50.1044,-100.711
364,-50.0308,-100.811
364.1,-50.0966,-100.887
364.2,-50.1786,-100.874
364.3,-50.1479,-100.789
364.4,-50.115,-100.765
364.5,-50.1073,-100.867
364.6,-50.1174,-100.979
364.7,-50.1278,-101.039
364.8,-50.0926,-100.989
364.9,-50.0731,-100.973
365,-50.1651,-100.965
365.1,-50.2895,-100.906
365.2,-50.2656,-100.782
365.3,-50.1982,-100.694
365.4,-50.1335,-100.689
365.5,-50.1188,-100.737
365.6,-50.2136,-100.808
365.7,-50.3684,-100.77
365.8,-50.5325,-100.785
365.9,-50.7447,-100.809
366,-50.8913,-100.888
366.1,-50.9502,-100.906
366.2,-50.8835,-100.925
366.3,-50.885,-100.916
366.4,-50.9182,-100.841
366.5,-50.9205,-100.757
366.6,-50.9751,-100.708
366.7,-50.9789,-100.69
366.8,-51.0156,-100.725
366.9,-51.0096,-100.734
367,-51.0191,-100.708
367.1,-50.9881,-100.701
367.2,-50.9902,-100.669
367.3,-50.9073,-100.554
367.4,-50.9551,-100.464
367.5,-51.088,-100.412
367.6,-51.2,-100.406
367.7,-51.2806,-100.336
367.8,-51.2938,-100.328
367.9,-51.2941,-100.417
368,-51.319,-100.492
368.1,-51.3867,-100.587
368.2,-51.5715,-100.588
368.3,-51.7098,-100.607
368.4,-51.79,-100.607
368.5,-51.7686,-100.588
368.6,-51.7282,-100.588
368.7,-51.7079,-100.635
368.8,-51.7409,-100.681
368.9,-51.7925,-100.723
369,-51.7482,-100.692
369.1,-51.7439,-100.697
369.2,-51.7558,-100.743
369.3,-51.7645,-100.838
369.4,-51.8203,-100.95
369.5,-51.913,-101.002
369.6,-51.9947,-101.05
369.7,-52.1028,-100.979
369.8,-52.1709,-100.867
369.9,-52.1922,-100.772
370,-52.2196,-100.702
370.1,-52.2461,-100.641
370.2,-52.325,-100.537
370.3,-52.4198,-100.504
370.4,-52.3625,-100.481
370.5,-52.2593,-100.539
370.6,-52.263,-100.639
370.7,-52.2172,-100.747
370.8,-52.1069,-100.772
370.9,-51.9709,-100.707
371,-51.8275,-100.694
371.1,-51.6693,-100.729
371.2,-51.5258,-100.821
371.3,-51.4235,-100.942
371.4,-51.371,-101.092
371.5,-51.4096,-101.21
371.6,-51.3862,-101.237
371.7,-51.3337,-101.183
371.8,-51.2894,-101.141
371.9,-51.263,-101.102
372,-51.2115,-101.053
372.1,-51.2581,-101.029
372.2,-51.3205,-101.038
372.3,-51.3988,-100.971
372.4,-51.466,-100.952
372.5,-51.5478,-100.982
372.6,-51.5526,-101.022
372.7,-51.5155,-101.091
372.8,-51.4716,-101.17
372.9,-51.5228,-101.334
373,-51.6422,-101.432
373.1,-51.8106,-101.339
373.2,-51.9406,-101.142
373.3,-51.9499,-100.941
373.4,-51.9194,-100.836
373.5,-51.9466,-100.809
373.6,-51.9708,-100.849
373.7,-51.9552,-100.858
373.8,-51.9145,-100.824
373.9,-51.8357,-100.822
374,-51.7419,-100.773
374.1,-51.6579,-100.773
374.2,-51.5791,-100.723
374.3,-51.4611,-100.704
374.4,-51.4806,-100.723
374.5,-51.5192,-100.789
374.6,-51.5038,-100.909
374.7,-51.4419,-101.01
374.8,-51.4276,-101.127
374.9,-51.4009,-101.234
375,-51.2906,-101.248
375.1,-51.2027,-101.252
375.2,-51.1089,-101.317
375.3,-51.0608,-101.352
375.4,-51.044,-101.264
375.5,-51.0519,-101.262
375.6,-51.0988,-101.355
375.7,-51.1307,-101.395
375.8,-51.0967,-101.395
375.9,-51.0068,-101.373
376,-50.9651,-101.365
376.1,-50.9888,-101.388
376.2,-51.0153,-101.354
376.3,-51.0708,-101.351
376.4,-51,-101.391
376.5,-50.9896,-101.419
376.6,-50.9949,-101.383
376.7,-51.0564,-101.369
376.8,-51.0867,-101.406
376.9,-51.0273,-101.463
377,-51.0134,-101.499
377.1,-50.9592,-101.591
377.2,-50.9454,-101.739
377.3,-51.0079,-101.876
377.4,-50.988,-101.893
377.5,-50.993,-101.803
377.6,-50.9156,-101.752
377.7,-50.7961,-101.754
377.8,-50.7283,-101.821
377.9,-50.6614,-101.68
378,-50.5578,-101.616
378.1,-50.4865,-101.579
378.2,-50.3998,-101.504
378.3,-50.2862,-101.471
378.4,-50.1599,-101.486
378.5,-50.024,-101.452
378.6,-49.8956,-101.49
378.7,-49.7569,-101.54
378.8,-49.6356,-101.638
378.9,-49.5578,-101.771
379,-49.6913,-101.973
